ticker,date,open,high,low,close
KDA,2020-04-02,0.08397,0.08397,0.0809,0.08136
KDA,2020-04-03,0.08136,0.0893,0.07789,0.07858
KDA,2020-04-04,0.07858,0.08081,0.07817,0.07892
KDA,2020-04-05,0.07892,0.07903,0.07597,0.07619
KDA,2020-04-06,0.07619,0.08039,0.07612,0.07925
KDA,2020-04-07,0.07925,0.08101,0.07559,0.07628
KDA,2020-04-08,0.07628,0.0763,0.07379,0.07572
KDA,2020-04-09,0.07572,0.08138,0.07531,0.07941
KDA,2020-04-10,0.07941,0.08246,0.07409,0.08198
KDA,2020-04-11,0.08198,0.087,0.08147,0.08443
KDA,2020-04-12,0.08443,0.09153,0.08131,0.083
KDA,2020-04-13,0.083,0.083,0.07462,0.07826
KDA,2020-04-14,0.07826,0.0894,0.07737,0.07777
KDA,2020-04-15,0.07777,0.08452,0.07737,0.08439
KDA,2020-04-16,0.08439,0.08587,0.08428,0.085
KDA,2020-04-17,0.085,0.09234,0.08226,0.08293
KDA,2020-04-18,0.08293,0.08742,0.08284,0.08709
KDA,2020-04-19,0.08709,0.1364,0.08586,0.09981
KDA,2020-04-20,0.09981,0.1194,0.08468,0.08468
KDA,2020-04-21,0.08468,0.09355,0.08468,0.09213
KDA,2020-04-22,0.09213,0.1138,0.0907,0.09687
KDA,2020-04-23,0.09687,0.121,0.0966,0.1201
KDA,2020-04-24,0.1201,0.1309,0.1167,0.1297
KDA,2020-04-25,0.1297,0.1324,0.1141,0.1182
KDA,2020-04-26,0.1182,0.1182,0.1121,0.1137
KDA,2020-04-27,0.1137,0.1154,0.1129,0.114
KDA,2020-04-28,0.114,0.1176,0.1109,0.1166
KDA,2020-04-29,0.1166,0.1396,0.1166,0.1354
KDA,2020-04-30,0.1354,0.1365,0.1337,0.134
KDA,2020-05-01,0.134,0.1346,0.1171,0.1271
KDA,2020-05-02,0.1271,0.1357,0.1183,0.1265
KDA,2020-05-03,0.1265,0.131,0.1221,0.1245
KDA,2020-05-04,0.1245,0.1249,0.1184,0.1198
KDA,2020-05-05,0.1198,0.1496,0.1107,0.1494
KDA,2020-05-06,0.1494,0.1495,0.1133,0.1301
KDA,2020-05-07,0.1301,0.1721,0.13,0.1715
KDA,2020-05-08,0.1715,0.1722,0.1365,0.1581
KDA,2020-05-09,0.1581,0.1702,0.1447,0.1698
KDA,2020-05-10,0.1698,0.289,0.1288,0.2855
KDA,2020-05-11,0.2855,0.2889,0.155,0.2501
KDA,2020-05-12,0.2501,0.258,0.2113,0.2214
KDA,2020-05-13,0.2214,0.2705,0.2213,0.2365
KDA,2020-05-14,0.2365,0.29,0.2111,0.2435
KDA,2020-05-15,0.2435,0.2444,0.2224,0.2226
KDA,2020-05-16,0.2226,0.2801,0.2225,0.2496
KDA,2020-05-17,0.2496,0.2999,0.2362,0.2995
KDA,2020-05-18,0.2995,0.2999,0.2591,0.2681
KDA,2020-05-19,0.2681,0.4162,0.2681,0.3774
KDA,2020-05-20,0.3774,0.4249,0.3099,0.3709
KDA,2020-05-21,0.3709,0.3714,0.2899,0.2901
KDA,2020-05-22,0.2901,0.318,0.2819,0.3135
KDA,2020-05-23,0.3135,0.338,0.282,0.3369
KDA,2020-05-24,0.3369,0.3556,0.29,0.3273
KDA,2020-05-25,0.3273,0.33,0.277,0.2846
KDA,2020-05-26,0.2846,0.305,0.2676,0.3011
KDA,2020-05-27,0.3011,0.3096,0.27,0.2841
KDA,2020-05-28,0.2841,0.34,0.2841,0.3229
KDA,2020-05-29,0.3229,0.3329,0.2907,0.3202
KDA,2020-05-30,0.3202,0.3306,0.2909,0.3197
KDA,2020-05-31,0.3197,0.3748,0.295,0.3461
KDA,2020-06-01,0.3461,0.3478,0.2957,0.3388
KDA,2020-06-02,0.3388,0.4005,0.2999,0.4003
KDA,2020-06-03,0.4003,0.4101,0.3269,0.3648
KDA,2020-06-04,0.3648,0.3817,0.3366,0.3733
KDA,2020-06-05,0.3733,0.4648,0.3649,0.4328
KDA,2020-06-06,0.4328,0.5,0.4159,0.4297
KDA,2020-06-07,0.4297,0.4786,0.4,0.4401
KDA,2020-06-08,0.4401,0.47,0.4,0.401
KDA,2020-06-09,0.401,0.4066,0.37,0.3985
KDA,2020-06-10,0.3985,0.4288,0.3781,0.4046
KDA,2020-06-11,0.4046,0.4186,0.3697,0.3699
KDA,2020-06-12,0.3699,0.44,0.3699,0.4298
KDA,2020-06-13,0.4298,0.431,0.396,0.4007
KDA,2020-06-14,0.4007,0.4505,0.3963,0.4112
KDA,2020-06-15,0.4112,0.429,0.367,0.4092
KDA,2020-06-16,0.4092,0.4099,0.3679,0.3962
KDA,2020-06-17,0.3962,0.4364,0.3791,0.4006
KDA,2020-06-18,0.4006,0.4098,0.3818,0.4081
KDA,2020-06-19,0.4081,0.4487,0.4047,0.4131
KDA,2020-06-20,0.4131,0.4501,0.412,0.423
KDA,2020-06-21,0.423,0.4585,0.3999,0.4013
KDA,2020-06-22,0.4013,0.4296,0.3986,0.4074
KDA,2020-06-23,0.4074,0.408,0.3825,0.3949
KDA,2020-06-24,0.3949,0.3949,0.3818,0.3861
KDA,2020-06-25,0.3861,0.4146,0.3697,0.4133
KDA,2020-06-26,0.4133,0.4667,0.393,0.4294
KDA,2020-06-27,0.4294,0.4294,0.3699,0.4138
KDA,2020-06-28,0.4138,0.4142,0.3491,0.368
KDA,2020-06-29,0.368,0.4054,0.3543,0.37
KDA,2020-06-30,0.37,0.4053,0.3,0.3226
KDA,2020-07-01,0.3226,0.3375,0.2716,0.2743
KDA,2020-07-02,0.2743,0.3248,0.2504,0.2617
KDA,2020-07-03,0.2617,0.3052,0.2448,0.2695
KDA,2020-07-04,0.2695,0.2879,0.2506,0.2713
KDA,2020-07-05,0.2713,0.2801,0.2658,0.2772
KDA,2020-07-06,0.2772,0.2891,0.2527,0.2591
KDA,2020-07-07,0.2591,0.2856,0.2533,0.257
KDA,2020-07-08,0.257,0.2782,0.2413,0.2608
KDA,2020-07-09,0.2608,0.2835,0.2356,0.243
KDA,2020-07-10,0.243,0.279,0.237,0.2754
KDA,2020-07-11,0.2754,0.2807,0.2431,0.2801
KDA,2020-07-12,0.2801,0.2951,0.2672,0.2733
KDA,2020-07-13,0.2733,0.2827,0.2252,0.2666
KDA,2020-07-14,0.2666,0.2794,0.2418,0.2632
KDA,2020-07-15,0.2632,0.2747,0.2445,0.2593
KDA,2020-07-16,0.2593,0.2634,0.2474,0.2498
KDA,2020-07-17,0.2498,0.2749,0.2481,0.269
KDA,2020-07-18,0.269,0.2759,0.2555,0.2707
KDA,2020-07-19,0.2707,0.2747,0.2588,0.2693
KDA,2020-07-20,0.2693,0.2926,0.2625,0.288
KDA,2020-07-21,0.288,0.2906,0.2621,0.272
KDA,2020-07-22,0.272,0.2813,0.2699,0.2798
KDA,2020-07-23,0.2798,0.3239,0.2704,0.2814
KDA,2020-07-24,0.2814,0.3775,0.2814,0.3122
KDA,2020-07-25,0.3122,0.3613,0.3006,0.3471
KDA,2020-07-26,0.3471,0.3797,0.316,0.3613
KDA,2020-07-27,0.3613,0.3718,0.3012,0.3405
KDA,2020-07-28,0.3405,0.3466,0.2918,0.3154
KDA,2020-07-29,0.3154,0.3314,0.2997,0.301
KDA,2020-07-30,0.301,0.3439,0.3006,0.3178
KDA,2020-07-31,0.3178,0.3394,0.2899,0.3008
KDA,2020-08-01,0.3008,0.32,0.2947,0.3011
KDA,2020-08-02,0.3011,0.308,0.2754,0.2898
KDA,2020-08-03,0.2898,0.2931,0.2411,0.2582
KDA,2020-08-04,0.2582,0.2758,0.2471,0.2509
KDA,2020-08-05,0.2509,0.6039,0.2509,0.5637
KDA,2020-08-06,0.5637,0.6907,0.5365,0.6659
KDA,2020-08-07,0.6659,0.7099,0.5394,0.7034
KDA,2020-08-08,0.7034,0.7952,0.6654,0.7737
KDA,2020-08-09,0.7737,0.7987,0.6667,0.781
KDA,2020-08-10,0.781,0.8096,0.7042,0.793
KDA,2020-08-11,0.793,0.8031,0.5776,0.7039
KDA,2020-08-12,0.7039,0.7412,0.6025,0.667
KDA,2020-08-13,0.667,0.725,0.557,0.6747
KDA,2020-08-14,0.6747,0.7978,0.6687,0.767
KDA,2020-08-15,0.767,0.8645,0.6905,0.6923
KDA,2020-08-16,0.6923,0.799,0.6565,0.6729
KDA,2020-08-17,0.6729,0.7012,0.6023,0.6229
KDA,2020-08-18,0.6229,0.6596,0.5592,0.6112
KDA,2020-08-19,0.6112,0.6112,0.5161,0.5382
KDA,2020-08-20,0.5382,0.7177,0.5191,0.6893
KDA,2020-08-21,0.6893,0.6958,0.6003,0.6141
KDA,2020-08-22,0.6141,0.6628,0.5702,0.6095
KDA,2020-08-23,0.6095,0.6742,0.575,0.6222
KDA,2020-08-24,0.6222,0.7153,0.6023,0.6654
KDA,2020-08-25,0.6654,0.7157,0.6255,0.7157
KDA,2020-08-26,0.7157,0.717,0.6641,0.7136
KDA,2020-08-27,0.7136,0.7984,0.6993,0.7802
KDA,2020-08-28,0.7802,0.898,0.7293,0.7777
KDA,2020-08-29,0.7777,0.8201,0.7156,0.7424
KDA,2020-08-30,0.7424,0.8142,0.7195,0.7215
KDA,2020-08-31,0.7215,0.7911,0.632,0.6773
KDA,2020-09-01,0.6773,0.7113,0.577,0.6046
KDA,2020-09-02,0.6046,0.6715,0.5743,0.6637
KDA,2020-09-03,0.6637,0.7038,0.5659,0.6733
KDA,2020-09-04,0.6733,0.6767,0.5123,0.553
KDA,2020-09-05,0.553,0.6258,0.4786,0.5003
KDA,2020-09-06,0.5003,0.6412,0.482,0.5763
KDA,2020-09-07,0.5763,0.6167,0.4408,0.4904
KDA,2020-09-08,0.4904,0.6152,0.4379,0.4453
KDA,2020-09-09,0.4453,0.5357,0.4127,0.4926
KDA,2020-09-10,0.4926,0.5373,0.4715,0.5145
KDA,2020-09-11,0.5145,0.5203,0.4701,0.5085
KDA,2020-09-12,0.5085,0.5094,0.4336,0.476
KDA,2020-09-13,0.476,0.4989,0.4301,0.4613
KDA,2020-09-14,0.4613,0.4957,0.422,0.4672
KDA,2020-09-15,0.4672,0.4962,0.4207,0.477
KDA,2020-09-16,0.477,0.4816,0.3876,0.4153
KDA,2020-09-17,0.4153,0.4605,0.3827,0.4549
KDA,2020-09-18,0.4549,0.4589,0.3835,0.4149
KDA,2020-09-19,0.4149,0.4153,0.3738,0.3959
KDA,2020-09-20,0.3959,0.4379,0.3594,0.3616
KDA,2020-09-21,0.3616,0.3895,0.3463,0.3619
KDA,2020-09-22,0.3619,0.3762,0.3363,0.347
KDA,2020-09-23,0.347,0.3609,0.3326,0.3383
KDA,2020-09-24,0.3383,0.3828,0.326,0.3586
KDA,2020-09-25,0.3586,0.4738,0.3543,0.4001
KDA,2020-09-26,0.4001,0.4574,0.3456,0.3611
KDA,2020-09-27,0.3611,0.3996,0.3431,0.3436
KDA,2020-09-28,0.3436,0.4368,0.3308,0.4033
KDA,2020-09-29,0.4033,0.4199,0.3078,0.4199
KDA,2020-09-30,0.4199,0.4199,0.3673,0.38
KDA,2020-10-01,0.38,0.3818,0.3362,0.3532
KDA,2020-10-02,0.3532,0.3742,0.3304,0.3694
KDA,2020-10-03,0.3694,0.3697,0.3442,0.3533
KDA,2020-10-04,0.3533,0.3697,0.3305,0.3455
KDA,2020-10-05,0.3455,0.3621,0.3361,0.3546
KDA,2020-10-06,0.3546,0.3704,0.3198,0.338
KDA,2020-10-07,0.338,0.3382,0.3032,0.314
KDA,2020-10-08,0.314,0.3299,0.2982,0.3072
KDA,2020-10-09,0.3072,0.3273,0.2977,0.3006
KDA,2020-10-10,0.3006,0.3228,0.283,0.2895
KDA,2020-10-11,0.2895,0.3045,0.2608,0.2927
KDA,2020-10-12,0.2927,0.2973,0.2661,0.2712
KDA,2020-10-13,0.2712,0.2854,0.2441,0.2802
KDA,2020-10-14,0.2802,0.2859,0.2469,0.2777
KDA,2020-10-15,0.2777,0.2784,0.2487,0.2683
KDA,2020-10-16,0.2683,0.2698,0.2507,0.264
KDA,2020-10-17,0.264,0.3287,0.2429,0.2556
KDA,2020-10-18,0.2556,0.264,0.2307,0.2526
KDA,2020-10-19,0.2526,0.288,0.2333,0.2417
KDA,2020-10-20,0.2417,0.264,0.2176,0.2264
KDA,2020-10-21,0.2264,0.2503,0.202,0.2043
KDA,2020-10-22,0.2043,0.2384,0.2011,0.2299
KDA,2020-10-23,0.2299,0.2404,0.2008,0.202
KDA,2020-10-24,0.202,0.2263,0.1999,0.2262
KDA,2020-10-25,0.2262,0.2319,0.1905,0.1991
KDA,2020-10-26,0.1991,0.2378,0.1947,0.2041
KDA,2020-10-27,0.2041,0.2041,0.1797,0.189
KDA,2020-10-28,0.189,0.1973,0.1687,0.1944
KDA,2020-10-29,0.1944,0.2064,0.1572,0.1606
KDA,2020-10-30,0.1606,0.179,0.1606,0.1774
KDA,2020-10-31,0.1774,0.1776,0.1598,0.1636
KDA,2020-11-01,0.1636,0.1802,0.1589,0.1621
KDA,2020-11-02,0.1621,0.183,0.1621,0.1781
KDA,2020-11-03,0.1781,0.1781,0.1633,0.1662
KDA,2020-11-04,0.1662,0.1673,0.1606,0.1651
KDA,2020-11-05,0.1651,0.1898,0.1614,0.1723
KDA,2020-11-06,0.1723,0.2041,0.1686,0.1812
KDA,2020-11-07,0.1812,0.1817,0.1637,0.1678
KDA,2020-11-08,0.1678,0.1834,0.1664,0.1812
KDA,2020-11-09,0.1812,0.2088,0.1716,0.202
KDA,2020-11-10,0.202,0.2025,0.1616,0.1761
KDA,2020-11-11,0.1761,0.1798,0.1717,0.1734
KDA,2020-11-12,0.1734,0.1806,0.1586,0.168
KDA,2020-11-13,0.168,0.1751,0.1596,0.1664
KDA,2020-11-14,0.1664,0.1673,0.1601,0.1611
KDA,2020-11-15,0.1611,0.1841,0.1608,0.172
KDA,2020-11-16,0.172,0.1768,0.1622,0.1693
KDA,2020-11-17,0.1693,0.1822,0.1329,0.1712
KDA,2020-11-18,0.1712,0.1899,0.1704,0.1798
KDA,2020-11-19,0.1798,0.1807,0.1738,0.1779
KDA,2020-11-20,0.1779,0.232,0.1759,0.2212
KDA,2020-11-21,0.2212,0.2436,0.1954,0.2087
KDA,2020-11-22,0.2087,0.2164,0.1847,0.2028
KDA,2020-11-23,0.2028,0.2356,0.1887,0.226
KDA,2020-11-24,0.226,0.2369,0.2087,0.2244
KDA,2020-11-25,0.2244,0.2564,0.2003,0.2423
KDA,2020-11-26,0.2423,0.2544,0.1908,0.1918
KDA,2020-11-27,0.1918,0.1999,0.1733,0.1763
KDA,2020-11-28,0.1763,0.1847,0.1668,0.1773
KDA,2020-11-29,0.1773,0.1796,0.1667,0.1703
KDA,2020-11-30,0.1703,0.1962,0.1671,0.1756
KDA,2020-12-01,0.1756,0.1794,0.1691,0.1692
KDA,2020-12-02,0.1692,0.1713,0.1612,0.166
KDA,2020-12-03,0.166,0.186,0.1601,0.1769
KDA,2020-12-04,0.1769,0.2019,0.1669,0.1695
KDA,2020-12-05,0.1695,0.2101,0.1672,0.2047
KDA,2020-12-06,0.2047,0.2095,0.1727,0.1886
KDA,2020-12-07,0.1886,0.1886,0.1469,0.1778
KDA,2020-12-08,0.1778,0.1877,0.1592,0.1745
KDA,2020-12-09,0.1745,0.2193,0.1513,0.1729
KDA,2020-12-10,0.1729,0.1739,0.1497,0.159
KDA,2020-12-11,0.159,0.1709,0.1564,0.1692
KDA,2020-12-12,0.1692,0.1702,0.1484,0.1619
KDA,2020-12-13,0.1619,0.1727,0.1598,0.1627
KDA,2020-12-14,0.1627,0.1742,0.1491,0.1657
KDA,2020-12-15,0.1657,0.1664,0.1527,0.1651
KDA,2020-12-16,0.1651,0.182,0.1482,0.1639
KDA,2020-12-17,0.1639,0.1705,0.1482,0.1681
KDA,2020-12-18,0.1681,0.1778,0.1572,0.1717
KDA,2020-12-19,0.1717,0.2016,0.1606,0.1928
KDA,2020-12-20,0.1928,0.207,0.1624,0.198
KDA,2020-12-21,0.198,0.2059,0.1742,0.1856
KDA,2020-12-22,0.1856,0.1936,0.1682,0.1682
KDA,2020-12-23,0.1682,0.1996,0.1655,0.1669
KDA,2020-12-24,0.1669,0.1808,0.1609,0.162
KDA,2020-12-25,0.162,0.1844,0.1583,0.1667
KDA,2020-12-26,0.1667,0.1667,0.1419,0.1603
KDA,2020-12-27,0.1603,0.1605,0.1405,0.144
KDA,2020-12-28,0.144,0.1507,0.139,0.1485
KDA,2020-12-29,0.1485,0.1547,0.138,0.1547
KDA,2020-12-30,0.1547,0.17,0.1318,0.1514
KDA,2020-12-31,0.1514,0.1613,0.1406,0.1508
KDA,2021-01-01,0.1508,0.156,0.1386,0.1426
KDA,2021-01-02,0.1426,0.1548,0.1394,0.1498
KDA,2021-01-03,0.1498,0.155,0.14,0.1437
KDA,2021-01-04,0.1437,0.1443,0.138,0.1436
KDA,2021-01-05,0.1436,0.1622,0.1403,0.159
KDA,2021-01-06,0.159,0.1594,0.1414,0.1453
KDA,2021-01-07,0.1453,0.1601,0.1398,0.145
KDA,2021-01-08,0.145,0.1467,0.139,0.1467
KDA,2021-01-09,0.1467,0.161,0.14,0.1535
KDA,2021-01-10,0.1535,0.1642,0.1439,0.1503
KDA,2021-01-11,0.1503,0.1506,0.1214,0.1422
KDA,2021-01-12,0.1422,0.15,0.1328,0.1403
KDA,2021-01-13,0.1403,0.1498,0.1299,0.1498
KDA,2021-01-14,0.1498,0.1576,0.1288,0.1463
KDA,2021-01-15,0.1463,0.1483,0.1307,0.1342
KDA,2021-01-16,0.1342,0.151,0.1332,0.148
KDA,2021-01-17,0.148,0.1572,0.1362,0.152
KDA,2021-01-18,0.152,0.1571,0.1311,0.1481
KDA,2021-01-19,0.1481,0.1564,0.1314,0.1512
KDA,2021-01-20,0.1512,0.1543,0.1316,0.1371
KDA,2021-01-21,0.1371,0.1443,0.1208,0.1411
KDA,2021-01-22,0.1411,0.1521,0.1305,0.1388
KDA,2021-01-23,0.1388,0.1557,0.1306,0.1489
KDA,2021-01-24,0.1489,0.1724,0.1373,0.1664
KDA,2021-01-25,0.1664,0.188,0.1474,0.1722
KDA,2021-01-26,0.1722,0.174,0.158,0.1633
KDA,2021-01-27,0.1633,0.1672,0.1513,0.1626
KDA,2021-01-28,0.1626,0.1691,0.1457,0.163
KDA,2021-01-29,0.163,0.1823,0.1555,0.1757
KDA,2021-01-30,0.1757,0.188,0.1646,0.1799
KDA,2021-01-31,0.1799,0.21,0.1756,0.18
KDA,2021-02-01,0.18,0.2098,0.1756,0.1905
KDA,2021-02-02,0.1905,0.3028,0.1903,0.2977
KDA,2021-02-03,0.2977,0.3285,0.2727,0.3004
KDA,2021-02-04,0.3004,0.3172,0.2706,0.2878
KDA,2021-02-05,0.2878,0.3079,0.2572,0.2946
KDA,2021-02-06,0.2946,0.308,0.2701,0.2706
KDA,2021-02-07,0.2706,0.2851,0.2576,0.266
KDA,2021-02-08,0.266,0.3117,0.2561,0.3052
KDA,2021-02-09,0.3052,0.3442,0.2811,0.3146
KDA,2021-02-10,0.3146,0.3356,0.2942,0.3208
KDA,2021-02-11,0.3208,0.3372,0.2748,0.3162
KDA,2021-02-12,0.3162,0.4438,0.3114,0.3523
KDA,2021-02-13,0.3523,0.3987,0.3425,0.3706
KDA,2021-02-14,0.3706,0.4088,0.3443,0.4082
KDA,2021-02-15,0.4082,0.428,0.3818,0.4092
KDA,2021-02-16,0.4092,0.4182,0.3821,0.3924
KDA,2021-02-17,0.3924,0.417,0.3532,0.389
KDA,2021-02-18,0.389,0.4438,0.3836,0.4167
KDA,2021-02-19,0.4167,0.4885,0.4022,0.457
KDA,2021-02-20,0.457,0.5389,0.4415,0.4611
KDA,2021-02-21,0.4611,0.5084,0.4346,0.4484
KDA,2021-02-22,0.4484,0.4609,0.3975,0.4188
KDA,2021-02-23,0.4188,0.4392,0.3228,0.3769
KDA,2021-02-24,0.3769,0.433,0.3618,0.3953
KDA,2021-02-25,0.3953,0.4411,0.3819,0.3891
KDA,2021-02-26,0.3891,0.4394,0.387,0.4042
KDA,2021-02-27,0.4042,0.4394,0.4007,0.4071
KDA,2021-02-28,0.4071,0.4207,0.3636,0.3999
KDA,2021-03-01,0.3999,0.4467,0.381,0.4169
KDA,2021-03-02,0.4169,0.45,0.405,0.4142
KDA,2021-03-03,0.4142,0.4221,0.3866,0.4017
KDA,2021-03-04,0.4017,0.4056,0.3606,0.3747
KDA,2021-03-05,0.3747,0.3768,0.3325,0.356
KDA,2021-03-06,0.356,0.3895,0.333,0.367
KDA,2021-03-07,0.367,0.3985,0.3593,0.3948
KDA,2021-03-08,0.3948,0.398,0.3775,0.3851
KDA,2021-03-09,0.3851,0.3986,0.3617,0.3801
KDA,2021-03-10,0.3801,0.3856,0.3415,0.3569
KDA,2021-03-11,0.3569,0.4013,0.3548,0.3784
KDA,2021-03-12,0.3784,0.4073,0.3587,0.376
KDA,2021-03-13,0.376,0.3926,0.3679,0.3712
KDA,2021-03-14,0.3712,0.3773,0.3539,0.3703
KDA,2021-03-15,0.3703,0.3739,0.3481,0.3664
KDA,2021-03-16,0.3664,0.3677,0.3463,0.3586
KDA,2021-03-17,0.3586,0.4324,0.3474,0.4323
KDA,2021-03-18,0.4323,0.4487,0.4219,0.4363
KDA,2021-03-19,0.4363,0.4802,0.4182,0.4748
KDA,2021-03-20,0.4748,0.6428,0.4746,0.6053
KDA,2021-03-21,0.6053,0.6744,0.5639,0.6018
KDA,2021-03-22,0.6018,0.6182,0.5425,0.5629
KDA,2021-03-23,0.5629,0.5988,0.5089,0.5089
KDA,2021-03-24,0.5089,0.6352,0.5076,0.5602
KDA,2021-03-25,0.5602,0.6257,0.5135,0.581
KDA,2021-03-26,0.581,0.7718,0.5721,0.6673
KDA,2021-03-27,0.6673,0.789,0.6456,0.6961
KDA,2021-03-28,0.6961,0.7252,0.6656,0.6898
KDA,2021-03-29,0.6898,0.7686,0.6319,0.7174
KDA,2021-03-30,0.7174,0.7549,0.6925,0.715
KDA,2021-03-31,0.715,0.725,0.6651,0.6965
KDA,2021-04-01,0.6965,0.7187,0.6444,0.6781
KDA,2021-04-02,0.6781,0.6854,0.5654,0.629
KDA,2021-04-03,0.629,0.6861,0.6038,0.6177
KDA,2021-04-04,0.6177,0.6807,0.5843,0.6302
KDA,2021-04-05,0.6302,0.7531,0.6055,0.73
KDA,2021-04-06,0.73,0.8991,0.6724,0.8075
KDA,2021-04-07,0.8075,0.9833,0.7796,0.9141
KDA,2021-04-08,0.9141,1.441,0.9091,1.14
KDA,2021-04-09,1.14,1.728,1.116,1.694
KDA,2021-04-10,1.694,1.766,1.336,1.385
KDA,2021-04-11,1.385,1.539,1.326,1.345
KDA,2021-04-12,1.345,1.648,1.263,1.525
KDA,2021-04-13,1.525,1.575,1.383,1.562
KDA,2021-04-14,1.562,1.563,1.418,1.462
KDA,2021-04-15,1.462,1.514,1.33,1.338
KDA,2021-04-16,1.338,1.36,1.159,1.197
KDA,2021-04-17,1.197,1.337,1.162,1.164
KDA,2021-04-18,1.164,1.175,0.9615,1.05
KDA,2021-04-19,1.05,1.193,0.9461,0.9642
KDA,2021-04-20,0.9642,1.104,0.8234,0.9557
KDA,2021-04-21,0.9557,1.083,0.8517,0.8921
KDA,2021-04-22,0.8921,1.282,0.798,1.074
KDA,2021-04-23,1.074,1.121,0.8928,0.997
KDA,2021-04-24,0.997,1.093,0.948,1.038
KDA,2021-04-25,1.038,1.08,0.9104,0.9887
KDA,2021-04-26,0.9887,1.141,0.9642,1.119
KDA,2021-04-27,1.119,1.378,1.025,1.196
KDA,2021-04-28,1.196,1.206,0.993,1.052
KDA,2021-04-29,1.052,1.209,0.9754,1.006
KDA,2021-04-30,1.006,1.174,0.9379,1.152
KDA,2021-05-01,1.152,1.276,1.102,1.185
KDA,2021-05-02,1.185,1.2,1.081,1.109
KDA,2021-05-03,1.109,1.176,1.052,1.135
KDA,2021-05-04,1.135,1.198,1.022,1.036
KDA,2021-05-05,1.036,1.196,1.008,1.12
KDA,2021-05-06,1.12,1.225,1.052,1.151
KDA,2021-05-07,1.151,1.269,1.04,1.187
KDA,2021-05-08,1.187,1.422,1.064,1.237
KDA,2021-05-09,1.237,1.267,1.101,1.188
KDA,2021-05-10,1.188,1.398,1.101,1.337
KDA,2021-05-11,1.337,1.824,1.278,1.343
KDA,2021-05-12,1.343,1.432,1.227,1.228
KDA,2021-05-13,1.228,1.292,1.065,1.118
KDA,2021-05-14,1.118,1.178,1.055,1.114
KDA,2021-05-15,1.114,1.164,1.028,1.042
KDA,2021-05-16,1.042,1.08,0.9353,0.9568
KDA,2021-05-17,0.9568,1.001,0.8026,0.844
KDA,2021-05-18,0.844,0.8868,0.7817,0.814
KDA,2021-05-19,0.814,0.8596,0.5827,0.681
KDA,2021-05-20,0.681,0.7584,0.6317,0.748
KDA,2021-05-21,0.748,0.8156,0.6193,0.6713
KDA,2021-05-22,0.6713,0.6971,0.5492,0.6308
KDA,2021-05-23,0.6308,0.6808,0.5062,0.5502
KDA,2021-05-24,0.5502,0.7078,0.5352,0.6932
KDA,2021-05-25,0.6932,0.8024,0.6328,0.6583
KDA,2021-05-26,0.6583,0.6922,0.605,0.6282
KDA,2021-05-27,0.6282,0.6341,0.5833,0.6159
KDA,2021-05-28,0.6159,0.6207,0.5246,0.5477
KDA,2021-05-29,0.5477,0.6033,0.517,0.5397
KDA,2021-05-30,0.5397,0.581,0.5013,0.5505
KDA,2021-05-31,0.5505,0.5825,0.5061,0.5496
KDA,2021-06-01,0.5496,0.5638,0.514,0.5403
KDA,2021-06-02,0.5403,0.5687,0.5227,0.5577
KDA,2021-06-03,0.5577,0.5682,0.5201,0.5353
KDA,2021-06-04,0.5353,0.5488,0.4838,0.5235
KDA,2021-06-05,0.5235,0.5353,0.4882,0.493
KDA,2021-06-06,0.493,0.5053,0.4756,0.4899
KDA,2021-06-07,0.4899,0.5597,0.4657,0.4657
KDA,2021-06-08,0.4657,0.4866,0.4362,0.4703
KDA,2021-06-09,0.4703,0.5081,0.4611,0.5023
KDA,2021-06-10,0.5023,0.6976,0.5022,0.6086
KDA,2021-06-11,0.6086,0.6806,0.5446,0.5735
KDA,2021-06-12,0.5735,0.5801,0.509,0.5185
KDA,2021-06-13,0.5185,0.5411,0.4866,0.5032
KDA,2021-06-14,0.5032,0.5401,0.4751,0.4927
KDA,2021-06-15,0.4927,0.5208,0.4774,0.4978
KDA,2021-06-16,0.4978,0.5198,0.4675,0.4958
KDA,2021-06-17,0.4958,0.4989,0.4702,0.4847
KDA,2021-06-18,0.4847,0.5224,0.4671,0.4993
KDA,2021-06-19,0.4993,0.5335,0.4624,0.5113
KDA,2021-06-20,0.5113,0.5416,0.4454,0.467
KDA,2021-06-21,0.467,0.5265,0.3537,0.3921
KDA,2021-06-22,0.3921,0.4315,0.3378,0.4215
KDA,2021-06-23,0.4215,0.4667,0.4126,0.454
KDA,2021-06-24,0.454,0.4803,0.4253,0.4483
KDA,2021-06-25,0.4483,0.4907,0.3803,0.4086
KDA,2021-06-26,0.4086,0.4255,0.381,0.3911
KDA,2021-06-27,0.3911,0.408,0.3707,0.396
KDA,2021-06-28,0.396,0.4317,0.3813,0.4183
KDA,2021-06-29,0.4183,0.434,0.3832,0.4149
KDA,2021-06-30,0.4149,0.4169,0.3802,0.3991
KDA,2021-07-01,0.3991,0.4142,0.3744,0.3983
KDA,2021-07-02,0.3983,0.4036,0.3484,0.3759
KDA,2021-07-03,0.3759,0.393,0.3608,0.3821
KDA,2021-07-04,0.3821,0.4214,0.3435,0.3823
KDA,2021-07-05,0.3823,0.3912,0.3472,0.3608
KDA,2021-07-06,0.3608,0.4091,0.3561,0.3767
KDA,2021-07-07,0.3767,0.3943,0.3603,0.3774
KDA,2021-07-08,0.3774,0.3943,0.3506,0.3686
KDA,2021-07-09,0.3686,0.388,0.3509,0.3797
KDA,2021-07-10,0.3797,0.3835,0.3587,0.3704
KDA,2021-07-11,0.3704,0.3817,0.3619,0.3799
KDA,2021-07-12,0.3799,0.3799,0.36,0.3731
KDA,2021-07-13,0.3731,0.401,0.3601,0.3759
KDA,2021-07-14,0.3759,0.4025,0.3664,0.3973
KDA,2021-07-15,0.3973,0.3991,0.3657,0.3834
KDA,2021-07-16,0.3834,0.3907,0.3615,0.3764
KDA,2021-07-17,0.3764,0.3799,0.363,0.3671
KDA,2021-07-18,0.3671,0.3745,0.3547,0.3639
KDA,2021-07-19,0.3639,0.3696,0.3469,0.3504
KDA,2021-07-20,0.3504,0.3511,0.319,0.3279
KDA,2021-07-21,0.3279,0.345,0.3225,0.3277
KDA,2021-07-22,0.3277,0.35,0.3006,0.3267
KDA,2021-07-23,0.3267,0.3405,0.3102,0.329
KDA,2021-07-24,0.329,0.3451,0.3142,0.3305
KDA,2021-07-25,0.3305,0.3441,0.3182,0.3348
KDA,2021-07-26,0.3348,0.3692,0.3176,0.3435
KDA,2021-07-27,0.3435,0.355,0.3128,0.3251
KDA,2021-07-28,0.3251,0.3351,0.3112,0.3281
KDA,2021-07-29,0.3281,0.344,0.3036,0.3235
KDA,2021-07-30,0.3235,0.3519,0.3119,0.3346
KDA,2021-07-31,0.3346,0.3581,0.3272,0.3469
KDA,2021-08-01,0.3469,0.3874,0.3458,0.3565
KDA,2021-08-02,0.3565,0.3607,0.3268,0.3338
KDA,2021-08-03,0.3338,0.3491,0.3294,0.3429
KDA,2021-08-04,0.3429,0.3582,0.3277,0.34
KDA,2021-08-05,0.34,0.3986,0.3322,0.3439
KDA,2021-08-06,0.3439,0.3766,0.331,0.3472
KDA,2021-08-07,0.3472,0.3805,0.3372,0.3603
KDA,2021-08-08,0.3603,0.4681,0.358,0.4052
KDA,2021-08-09,0.4052,0.4694,0.3829,0.4234
KDA,2021-08-10,0.4234,0.446,0.4035,0.4394
KDA,2021-08-11,0.4394,0.5162,0.4225,0.4973
KDA,2021-08-12,0.5057,0.5126,0.4782,0.49
KDA,2021-08-13,0.49,0.5457,0.4873,0.5445
KDA,2021-08-14,0.5445,0.5524,0.5178,0.5362
KDA,2021-08-15,0.5362,0.6341,0.5152,0.5842
KDA,2021-08-16,0.5842,0.6599,0.5836,0.6473
KDA,2021-08-17,0.6473,0.658,0.5886,0.6245
KDA,2021-08-18,0.6245,0.6491,0.594,0.6176
KDA,2021-08-19,0.6176,0.7342,0.6127,0.7105
KDA,2021-08-20,0.7105,0.8738,0.6808,0.8427
KDA,2021-08-21,0.8427,0.8796,0.7704,0.772
KDA,2021-08-22,0.772,0.8332,0.7415,0.7893
KDA,2021-08-23,0.7893,0.811,0.7541,0.7996
KDA,2021-08-24,0.7996,0.7998,0.7,0.7481
KDA,2021-08-25,0.7481,0.866,0.7144,0.7996
KDA,2021-08-26,0.7996,0.8164,0.717,0.724
KDA,2021-08-27,0.724,0.866,0.7208,0.8417
KDA,2021-08-28,0.8417,0.908,0.7967,0.8236
KDA,2021-08-29,0.8236,0.8409,0.7729,0.8113
KDA,2021-08-30,0.8113,0.85,0.7716,0.7955
KDA,2021-08-31,0.7955,0.8709,0.7953,0.8088
KDA,2021-09-01,0.8088,0.8128,0.7337,0.7765
KDA,2021-09-02,0.7765,0.7996,0.7305,0.7847
KDA,2021-09-03,0.7847,0.842,0.7662,0.7916
KDA,2021-09-04,0.7916,0.7938,0.7526,0.76
KDA,2021-09-05,0.76,0.8554,0.7584,0.8525
KDA,2021-09-06,0.8525,1.087,0.813,1.001
KDA,2021-09-07,1.001,1.059,0.8301,0.9028
KDA,2021-09-08,0.9028,1.002,0.8702,0.9914
KDA,2021-09-09,0.9914,1.278,0.9624,1.191
KDA,2021-09-10,1.191,1.366,1.122,1.347
KDA,2021-09-11,1.347,1.845,1.255,1.615
KDA,2021-09-12,1.615,1.821,1.515,1.77
KDA,2021-09-13,1.77,1.884,1.462,1.629
KDA,2021-09-14,1.629,1.818,1.433,1.714
KDA,2021-09-15,1.714,1.816,1.566,1.739
KDA,2021-09-16,1.739,1.744,0.9899,1.587
KDA,2021-09-17,1.587,1.743,1.55,1.62
KDA,2021-09-18,1.62,2.085,1.591,1.965
KDA,2021-09-19,1.965,2.344,1.818,2.023
KDA,2021-09-20,2.023,2.142,1.662,1.747
KDA,2021-09-21,1.747,2.139,1.546,1.634
KDA,2021-09-22,1.634,1.979,1.564,1.821
KDA,2021-09-23,1.821,1.968,1.748,1.869
KDA,2021-09-24,1.869,1.995,1.582,1.753
KDA,2021-09-25,1.753,1.941,1.621,1.805
KDA,2021-09-26,1.805,1.812,1.654,1.721
KDA,2021-09-27,1.721,1.769,1.535,1.639
KDA,2021-09-28,1.639,1.667,1.439,1.463
KDA,2021-09-29,1.463,1.51,1.366,1.391
KDA,2021-09-30,1.391,1.605,1.388,1.582
KDA,2021-10-01,1.582,1.69,1.531,1.66
KDA,2021-10-02,1.66,1.8,1.612,1.762
KDA,2021-10-03,1.762,1.935,1.699,1.888
KDA,2021-10-04,1.888,1.981,1.788,1.919
KDA,2021-10-05,1.919,2.224,1.912,2.15
KDA,2021-10-06,2.15,2.187,2.014,2.063
KDA,2021-10-07,2.063,2.063,1.856,1.932
KDA,2021-10-08,1.932,1.971,1.773,1.822
KDA,2021-10-09,1.822,1.86,1.779,1.849
KDA,2021-10-10,1.849,2.08,1.812,1.988
KDA,2021-10-11,1.988,2.044,1.893,2.013
KDA,2021-10-12,2.013,2.312,1.983,2.251
KDA,2021-10-13,2.251,2.454,2.223,2.324
KDA,2021-10-14,2.324,2.348,2.15,2.273
KDA,2021-10-15,2.273,2.278,2.15,2.172
KDA,2021-10-16,2.172,2.215,2.101,2.156
KDA,2021-10-17,2.156,2.35,2.152,2.293
KDA,2021-10-18,2.293,2.872,2.287,2.852
KDA,2021-10-19,2.852,2.903,2.586,2.74
KDA,2021-10-20,2.74,3.85,2.731,3.663
KDA,2021-10-21,3.663,4.08,3.235,3.527
KDA,2021-10-22,3.527,3.991,3.487,3.779
KDA,2021-10-23,3.779,5.256,3.66,5.176
KDA,2021-10-24,5.176,6.999,4.85,6.76
KDA,2021-10-25,6.76,8.146,6.187,6.498
KDA,2021-10-26,6.498,7.79,6.136,6.815
KDA,2021-10-27,6.815,7.393,5.682,5.903
KDA,2021-10-28,5.903,7.518,5.362,6.574
KDA,2021-10-29,6.574,7.296,6.555,7.097
KDA,2021-10-30,7.097,7.229,5.968,6.09
KDA,2021-10-31,6.09,6.867,5.682,6.685
KDA,2021-11-01,6.685,7.431,6.594,7.058
KDA,2021-11-02,7.058,7.348,6.705,6.967
KDA,2021-11-03,6.967,8.817,6.928,8.42
KDA,2021-11-04,8.42,9.885,8.206,9.765
KDA,2021-11-05,9.765,12.5,9.727,10.69
KDA,2021-11-06,10.69,14.94,10.61,14.84
KDA,2021-11-07,14.84,25.63,14.44,19.77
KDA,2021-11-08,19.77,21.62,15.26,15.7
KDA,2021-11-09,15.7,19.44,15.69,18.14
KDA,2021-11-10,18.14,24.87,17.98,22.35
KDA,2021-11-11,22.35,28.31,21.57,24.04
KDA,2021-11-12,24.04,26.48,21.04,22.24
KDA,2021-11-13,22.24,24.8,21.3,22.44
KDA,2021-11-14,22.44,23.79,20.03,21.49
KDA,2021-11-15,21.49,23.25,18.46,19.34
KDA,2021-11-16,19.34,21.25,17.18,18.61
KDA,2021-11-17,18.61,23.31,17.39,21.35
KDA,2021-11-18,21.35,23.13,17.96,18.63
KDA,2021-11-19,18.63,20.99,18.62,19.99
KDA,2021-11-20,19.99,20.14,18.25,19.77
KDA,2021-11-21,19.77,19.8,16.71,18.07
KDA,2021-11-22,18.07,18.5,15.88,16.82
KDA,2021-11-23,16.82,18.63,16.07,17.92
KDA,2021-11-24,18.38,18.52,16.3611,17.3124
KDA,2021-11-25,17.2686,21.1639,16.2983,19.8576
KDA,2021-11-26,19.9632,21.0319,16.5247,18.1286
KDA,2021-11-27,18.1353,18.5542,16.6315,17.0472
KDA,2021-11-28,16.9321,17.3851,14.8454,16.9454
KDA,2021-11-29,16.952,18.4744,16.5377,17.2311
KDA,2021-11-30,17.1084,17.3576,16.0309,17.2676
KDA,2021-12-01,17.2515,18.9323,16.4129,17.3589
KDA,2021-12-02,17.3792,17.7097,16.5151,16.5477
KDA,2021-12-03,16.5776,16.7592,13.6206,14.6796
KDA,2021-12-04,14.6843,14.8348,10.7914,12.1451
KDA,2021-12-05,12.0898,14.5578,11.4784,11.6937
KDA,2021-12-06,11.7319,13.1842,8.93131,12.0237
KDA,2021-12-07,12.0618,13.0149,10.3426,10.5174
KDA,2021-12-08,10.3786,12.8459,10.3214,12.2516
KDA,2021-12-09,12.4057,12.7219,10.3681,10.6015
KDA,2021-12-10,10.5264,12.3874,10.1268,10.4833
KDA,2021-12-11,10.4875,10.991,9.77445,10.0643
KDA,2021-12-12,10.0549,11.4587,10.0086,11.0915
KDA,2021-12-13,11.0896,11.0896,8.68254,9.92232
KDA,2021-12-14,9.91804,10.3397,8.91069,9.85472
KDA,2021-12-15,9.76024,11.8559,9.25462,10.9181
KDA,2021-12-16,10.983,14.2571,10.8566,12.0836
KDA,2021-12-17,12.0786,12.333,10.1465,11.0588
KDA,2021-12-18,11.0849,12.5097,10.7043,11.3117
KDA,2021-12-19,11.2823,11.7219,10.5432,10.8241
KDA,2021-12-20,10.8243,10.9423,9.73282,10.138
KDA,2021-12-21,10.1518,11.6247,9.87296,11.3276
KDA,2021-12-22,11.3276,11.9751,10.8157,11.179
KDA,2021-12-23,11.1503,12.1449,10.469,11.4992
KDA,2021-12-24,11.4912,13.2756,11.2356,12.2757
KDA,2021-12-25,12.2612,13.9069,12.1061,13.8946
KDA,2021-12-26,13.8783,15.7779,12.7389,15.7663
KDA,2021-12-27,15.7778,16.9067,14.6131,14.9557
KDA,2021-12-28,14.9078,15.4445,12.5704,13.093
KDA,2021-12-29,13.1237,13.7338,12.5033,12.9809
KDA,2021-12-30,13.0465,13.7402,11.8818,12.5555
KDA,2021-12-31,12.5994,13.4527,12.3013,12.7031
KDA,2022-01-01,12.7,13.1009,12.3127,12.7626
KDA,2022-01-02,12.7626,12.8731,11.8,11.9265
KDA,2022-01-03,11.8918,12.5013,11.0401,11.2724
KDA,2022-01-04,11.2696,11.9805,10.7752,10.9367
KDA,2022-01-05,10.9241,12.2808,10.0129,10.6803
KDA,2022-01-06,10.6689,11.015,9.64903,10.549
KDA,2022-01-07,10.5389,10.5556,9.09737,9.21928
KDA,2022-01-08,9.27537,9.8113,8.17768,8.94761
KDA,2022-01-09,8.9591,9.9404,8.4286,9.5002
KDA,2022-01-10,9.5008,9.5507,7.7829,8.7345
KDA,2022-01-11,8.7466,9.58086,8.5,9.23952
KDA,2022-01-12,9.22322,10.5732,9.05181,10.1446
KDA,2022-01-13,10.1446,10.9455,9.53871,9.67574
KDA,2022-01-14,9.67243,9.82053,9.03612,9.62895
KDA,2022-01-15,9.58013,9.58243,9.10394,9.23892
KDA,2022-01-16,9.23532,9.39596,8.63842,9.0024
KDA,2022-01-17,9.011,9.05562,8.0025,8.22289
KDA,2022-01-18,8.22589,8.52981,7.41657,7.98259
KDA,2022-01-19,7.98379,8.37075,6.98449,7.20316
KDA,2022-01-20,7.20216,8.21196,7.13143,7.20174
KDA,2022-01-21,7.18174,7.34707,5.19214,5.37377
KDA,2022-01-22,5.43083,5.97339,4.42163,5.08713
KDA,2022-01-23,5.06511,5.89297,4.76393,5.35984
KDA,2022-01-24,5.38378,5.78966,4.52156,5.25865
KDA,2022-01-25,5.26258,5.7637,5.0156,5.25232
KDA,2022-01-26,5.26015,6.813,5.22201,5.80348
KDA,2022-01-27,5.77696,6.07793,5.35458,5.5968
KDA,2022-01-28,5.59554,5.90017,5.40362,5.77873
KDA,2022-01-29,5.77125,6.58147,5.73172,6.54136
KDA,2022-01-30,6.50255,6.50255,5.70298,5.83975
KDA,2022-01-31,5.85304,6.22859,5.5022,6.2036
KDA,2022-02-01,6.2054,6.44481,5.96298,6.04112
KDA,2022-02-02,6.04132,6.12457,5.51931,5.59117
KDA,2022-02-03,5.58647,5.63105,5.10424,5.34184
KDA,2022-02-04,5.33327,6.10244,5.33327,5.95676
KDA,2022-02-05,5.92474,6.49554,5.91164,6.22483
KDA,2022-02-06,6.22263,6.42625,6.07874,6.19249
KDA,2022-02-07,6.2129,8.12631,6.20438,7.81897
KDA,2022-02-08,7.81847,10.3321,7.56499,8.96646
KDA,2022-02-09,8.96175,10.223,8.68254,10.216
KDA,2022-02-10,10.2175,10.3082,8.51681,8.7139
KDA,2022-02-11,8.7232,9.14298,7.03211,7.09363
KDA,2022-02-12,7.09023,8.0048,6.71132,7.38449
KDA,2022-02-13,7.37369,7.73464,7.0095,7.29898
KDA,2022-02-14,7.28127,7.53522,6.50325,7.42161
KDA,2022-02-15,7.41395,8.90315,7.28367,8.44606
KDA,2022-02-16,8.44857,8.80528,7.8039,8.39423
KDA,2022-02-17,8.39029,8.49975,7.12437,7.41409
KDA,2022-02-18,7.41819,7.55879,6.81409,6.94536
KDA,2022-02-19,6.92745,7.25865,6.72613,7.10836
KDA,2022-02-20,7.10126,7.18429,6.08404,6.37308
KDA,2022-02-21,6.36958,7.2021,6.08253,6.14607
KDA,2022-02-22,6.15177,6.48979,5.80184,6.26005
KDA,2022-02-23,6.27186,7.38729,6.26556,6.52761
KDA,2022-02-24,6.54893,6.59129,5.15329,5.88535
KDA,2022-02-25,5.88265,6.68607,5.88265,6.62331
KDA,2022-02-26,6.6132,7.06373,6.44592,6.70675
KDA,2022-02-27,6.70098,6.78261,6.03532,6.29882
KDA,2022-02-28,6.30342,7.51015,6.16088,7.26953
KDA,2022-03-01,7.2526,8.30275,7.14224,7.3254
KDA,2022-03-02,7.31449,8.13264,7.16745,7.6723
KDA,2022-03-03,7.6557,7.82235,7.30146,7.4809
KDA,2022-03-04,7.4845,7.57201,6.60198,6.78854
KDA,2022-03-05,6.79184,7.29266,6.59948,7.10122
KDA,2022-03-06,7.09803,7.18215,6.59772,6.64239
KDA,2022-03-07,6.64589,6.80184,6.11122,6.332
KDA,2022-03-08,6.3267,6.65733,6.17123,6.33617
KDA,2022-03-09,6.34117,7.10732,6.25105,6.60142
KDA,2022-03-10,6.60732,6.66753,6.06242,6.19058
KDA,2022-03-11,6.20698,8.254,5.93667,6.69134
KDA,2022-03-12,6.69974,7.19972,6.50065,6.62136
KDA,2022-03-13,6.63999,6.84337,6.26878,6.27118
KDA,2022-03-14,6.27225,6.77125,6.18292,6.40338
KDA,2022-03-15,6.41058,6.42128,5.94139,6.06192
KDA,2022-03-16,6.06182,6.36661,5.97449,6.21074
KDA,2022-03-17,6.18265,6.37361,6.13553,6.1981
KDA,2022-03-18,6.18647,6.40284,6.003,6.23712
KDA,2022-03-19,6.22011,6.40384,6.1981,6.27814
KDA,2022-03-20,6.28314,6.32716,6.0104,6.18047
KDA,2022-03-21,6.17008,6.24712,6.0024,6.08204
KDA,2022-03-22,6.08043,6.30115,6.05803,6.15908
KDA,2022-03-23,6.16308,6.57363,6.07743,6.32353
KDA,2022-03-24,6.32253,7.08183,6.20748,6.68167
KDA,2022-03-25,6.68667,7.27091,6.43657,6.73136
KDA,2022-03-26,6.73069,6.86875,6.66233,6.7627
KDA,2022-03-27,6.75337,7.02281,6.62765,6.95478
KDA,2022-03-28,6.95709,7.20288,6.87675,6.93677
KDA,2022-03-29,6.94278,7.07812,6.70301,6.77271
KDA,2022-03-30,6.77539,7.0021,6.55862,6.84805
KDA,2022-03-31,6.84337,6.97539,6.40628,6.41028
KDA,2022-04-01,6.41092,7.20216,6.21887,6.89007
KDA,2022-04-02,6.88338,7.96518,6.7497,7.38221
KDA,2022-04-03,7.37221,7.7521,6.95678,7.62829
KDA,2022-04-04,7.63329,7.7531,6.9991,7.3522
KDA,2022-04-05,7.36021,7.79856,7.23845,7.29873
KDA,2022-04-06,7.30373,7.33947,6.524,6.79268
KDA,2022-04-07,6.799,6.799,6.371,6.49865
KDA,2022-04-08,6.49865,6.86837,6.29752,6.29752
KDA,2022-04-09,6.29752,6.3469,6.06242,6.18285
KDA,2022-04-10,6.18124,6.4793,6.14423,6.30126
KDA,2022-04-11,6.29863,6.29926,5.36461,5.36961
KDA,2022-04-12,5.37161,5.88318,5.31609,5.53066
KDA,2022-04-13,5.53541,5.90677,5.42983,5.78243
KDA,2022-04-14,5.78126,6.11492,5.39402,5.60112
KDA,2022-04-15,5.60556,5.67557,5.46855,5.60712
KDA,2022-04-16,5.59712,5.60212,5.39508,5.53111
KDA,2022-04-17,5.53611,5.60112,5.43354,5.53055
KDA,2022-04-18,5.53111,5.55111,5.06101,5.44463
KDA,2022-04-19,5.44363,5.60212,5.28806,5.45555
KDA,2022-04-20,5.45609,5.74915,5.34453,5.42408
KDA,2022-04-21,5.42408,5.77816,5.25953,5.31206
KDA,2022-04-22,5.30206,5.31506,5.05601,5.13451
KDA,2022-04-23,5.13403,5.16303,5.001,5.08451
KDA,2022-04-24,5.09202,5.11002,4.77195,4.89798
KDA,2022-04-25,4.88749,5.26705,4.50945,5.03101
KDA,2022-04-26,5.03401,5.25052,4.56846,4.71647
KDA,2022-04-27,4.72347,4.835,4.56,4.64646
KDA,2022-04-28,4.64646,4.81548,4.55346,4.627
KDA,2022-04-29,4.63646,4.68147,4.033,4.08541
KDA,2022-04-30,4.08941,4.30343,3.55035,3.71537
KDA,2022-05-01,3.71237,4.082,3.51635,3.87
KDA,2022-05-02,3.86539,4.053,3.66437,3.77938
KDA,2022-05-03,3.779,4.03,3.73037,3.84762
KDA,2022-05-04,3.84662,4.385,3.80562,4.21
KDA,2022-05-05,4.20874,4.28914,3.57029,3.74563
KDA,2022-05-06,3.74825,3.74962,3.45331,3.60464
KDA,2022-05-07,3.60464,3.62464,3.42032,3.42032
KDA,2022-05-08,3.42931,3.51865,3.06008,3.20904
KDA,2022-05-09,3.21803,3.21803,2.6692,2.82044
KDA,2022-05-10,2.81615,2.91113,2.43078,2.43203
KDA,2022-05-11,2.42403,2.63568,1.49415,1.67677
KDA,2022-05-12,1.68989,1.97208,1.30586,1.57573
KDA,2022-05-13,1.57873,2.60625,1.5498,2.10841
KDA,2022-05-14,2.10861,2.64276,1.98522,2.59211
KDA,2022-05-15,2.59636,3.44317,2.59137,3.26545
KDA,2022-05-16,3.25526,3.38363,2.64682,3.05402
KDA,2022-05-17,3.06441,3.29571,2.8286,3.03994
KDA,2022-05-18,3.04264,3.04274,2.34495,2.3789
KDA,2022-05-19,2.38989,2.73576,2.1665,2.64295
KDA,2022-05-20,2.64295,2.78264,2.40759,2.56292
KDA,2022-05-21,2.56656,2.67652,2.5346,2.58464
KDA,2022-05-22,2.58264,2.67225,2.49675,2.64282
KDA,2022-05-23,2.64183,2.72927,2.4171,2.47503
KDA,2022-05-24,2.47303,2.47478,2.19137,2.40886
KDA,2022-05-25,2.40687,2.44107,2.21256,2.29624
KDA,2022-05-26,2.30124,2.31545,1.98162,2.18881
KDA,2022-05-27,2.18781,2.1958,1.97802,2.06393
KDA,2022-05-28,2.05565,2.09771,1.99027,2.05959
KDA,2022-05-29,2.05855,2.2077,2.00102,2.11265
KDA,2022-05-30,2.11962,2.33789,2.09584,2.30738
KDA,2022-05-31,2.31738,2.3711,2.14428,2.17504
KDA,2022-06-01,2.1753,2.24314,1.97383,2.03916
KDA,2022-06-02,2.03916,2.08612,1.97502,2.07713
KDA,2022-06-03,2.07713,2.17628,1.93007,1.97728
KDA,2022-06-04,1.97428,1.98309,1.85113,1.94154
KDA,2022-06-05,1.94152,2.09805,1.91439,2.04607
KDA,2022-06-06,2.04807,2.13418,1.98715,2.05325
KDA,2022-06-07,2.05227,2.05927,1.8774,1.97938
KDA,2022-06-08,1.97742,2.02546,1.90861,1.93474
KDA,2022-06-09,1.93474,1.95831,1.90549,1.91939
KDA,2022-06-10,1.91937,1.93943,1.70504,1.76675
KDA,2022-06-11,1.76575,1.84501,1.63098,1.6791
KDA,2022-06-12,1.67808,1.70511,1.49888,1.57406
KDA,2022-06-13,1.57305,1.61074,1.34309,1.52789
KDA,2022-06-14,1.53188,1.7963,1.4277,1.51218
KDA,2022-06-15,1.52217,1.83798,1.49833,1.81427
KDA,2022-06-16,1.81328,1.81627,1.60423,1.68863
KDA,2022-06-17,1.65072,1.74273,1.62873,1.71296
KDA,2022-06-18,1.71294,1.76791,1.51775,1.62636
KDA,2022-06-19,1.62636,1.70295,1.56565,1.67699
KDA,2022-06-20,1.67898,1.8012,1.59908,1.71511
KDA,2022-06-21,1.71294,1.85252,1.67949,1.72328
KDA,2022-06-22,1.72128,1.73127,1.62138,1.63636
KDA,2022-06-23,1.63436,1.72727,1.62138,1.69131
KDA,2022-06-24,1.69131,1.80248,1.68736,1.77961
KDA,2022-06-25,1.77722,1.80581,1.71883,1.77176
KDA,2022-06-26,1.77476,1.85788,1.72595,1.7719
KDA,2022-06-27,1.77192,1.77294,1.61566,1.65952
KDA,2022-06-28,1.65944,1.69847,1.61258,1.63404
KDA,2022-06-29,1.63595,1.63595,1.53986,1.5671
KDA,2022-06-30,1.57311,1.57611,1.47708,1.4952
KDA,2022-07-01,1.4962,1.58426,1.49321,1.51433
KDA,2022-07-02,1.51533,1.51833,1.45226,1.49121
KDA,2022-07-03,1.4962,1.50319,1.43028,1.47109
KDA,2022-07-04,1.47308,1.54414,1.45211,1.51618
KDA,2022-07-05,1.52117,1.55313,1.4554,1.50934
KDA,2022-07-06,1.50734,1.52033,1.46539,1.51733
KDA,2022-07-07,1.51633,1.64268,1.51418,1.60304
KDA,2022-07-08,1.60164,1.68599,1.54008,1.60803
KDA,2022-07-09,1.60204,1.62802,1.57405,1.60604
KDA,2022-07-10,1.60887,1.63102,1.52109,1.56006
KDA,2022-07-11,1.56006,1.5679,1.48766,1.49066
KDA,2022-07-12,1.48651,1.50649,1.4524,1.47652
KDA,2022-07-13,1.47057,1.58242,1.41558,1.54161
KDA,2022-07-14,1.54161,1.59704,1.50265,1.55607
KDA,2022-07-15,1.55307,1.59704,1.54407,1.57853
KDA,2022-07-16,1.57953,1.58352,1.5074,1.56653
KDA,2022-07-17,1.56458,1.77931,1.54275,1.63158
KDA,2022-07-18,1.63158,1.87994,1.60044,1.71159
KDA,2022-07-19,1.71149,1.875,1.67098,1.85428
KDA,2022-07-20,1.855,1.85917,1.67598,1.72909
KDA,2022-07-21,1.73817,1.73821,1.60506,1.69753
KDA,2022-07-22,1.69542,1.74926,1.56922,1.62124
KDA,2022-07-23,1.62237,1.66138,1.57019,1.60932
KDA,2022-07-24,1.60732,1.64831,1.58606,1.64031
KDA,2022-07-25,1.64131,1.65033,1.50009,1.53314
KDA,2022-07-26,1.53315,1.55416,1.48501,1.52623
KDA,2022-07-27,1.52823,1.6763,1.52614,1.63839
KDA,2022-07-28,1.63938,1.78959,1.58517,1.78136
KDA,2022-07-29,1.78146,1.80951,1.68052,1.75272
KDA,2022-07-30,1.7527,1.94072,1.70068,1.80861
KDA,2022-07-31,1.80765,2.23658,1.74149,2.05547
KDA,2022-08-01,2.04682,2.19697,1.85143,1.89455
KDA,2022-08-02,1.89857,1.95659,1.80354,1.86934
KDA,2022-08-03,1.86937,2.08142,1.80845,1.9845
KDA,2022-08-04,1.98746,2.04747,1.88619,1.90508
KDA,2022-08-05,1.90608,2.10042,1.90008,2.04939
KDA,2022-08-06,2.05039,2.16339,2.04839,2.14649
KDA,2022-08-07,2.14847,2.16848,2.03945,2.15039
KDA,2022-08-08,2.15141,2.44534,2.11236,2.30828
KDA,2022-08-09,2.30528,2.31125,2.02345,2.12442
KDA,2022-08-10,2.12943,2.36863,2.04357,2.28466
KDA,2022-08-11,2.27866,2.34094,2.11593,2.14901
KDA,2022-08-12,2.14607,2.17809,2.06783,2.14797
KDA,2022-08-13,2.15899,2.23905,2.12598,2.16484
KDA,2022-08-14,2.16785,2.22389,2.03347,2.06164
KDA,2022-08-15,2.05864,2.12357,1.97245,1.99648
KDA,2022-08-16,1.99848,2.03037,1.92235,1.94317
KDA,2022-08-17,1.94417,2.00028,1.76398,1.81013
KDA,2022-08-18,1.80913,1.85017,1.69525,1.73005
KDA,2022-08-19,1.73017,1.73417,1.55216,1.60116
KDA,2022-08-20,1.60106,1.74409,1.58308,1.65698
KDA,2022-08-21,1.65897,1.72495,1.63374,1.70495
KDA,2022-08-22,1.70695,1.70695,1.5909,1.61671
KDA,2022-08-23,1.61676,1.68805,1.60598,1.66705
KDA,2022-08-24,1.66783,1.72817,1.64002,1.69414
KDA,2022-08-25,1.69215,1.7201,1.66598,1.69807
KDA,2022-08-26,1.69905,1.71015,1.58502,1.60516
KDA,2022-08-27,1.60016,1.60616,1.53615,1.58705
KDA,2022-08-28,1.58205,1.685,1.55295,1.594
KDA,2022-08-29,1.596,1.70593,1.53703,1.6681
KDA,2022-08-30,1.67217,1.69793,1.57003,1.60214
KDA,2022-08-31,1.60114,1.64402,1.56194,1.59698
KDA,2022-09-01,1.599,1.60002,1.55084,1.57992
KDA,2022-09-02,1.58494,1.60911,1.55602,1.57519
KDA,2022-09-03,1.57025,1.58916,1.55015,1.563
KDA,2022-09-04,1.56716,1.578,1.531,1.564
KDA,2022-09-05,1.562,1.583,1.516,1.54315
KDA,2022-09-06,1.54315,1.58616,1.456,1.485
KDA,2022-09-07,1.48409,1.52114,1.42194,1.51712
KDA,2022-09-08,1.51811,1.52115,1.46201,1.49522
KDA,2022-09-09,1.496,1.60948,1.49019,1.57952
KDA,2022-09-10,1.58259,1.64341,1.55464,1.60332
KDA,2022-09-11,1.59942,1.70761,1.56763,1.5934
KDA,2022-09-12,1.5944,1.73947,1.58535,1.73331
KDA,2022-09-13,1.73352,1.75533,1.52906,1.55303
KDA,2022-09-14,1.55403,1.59706,1.53594,1.57442
KDA,2022-09-15,1.57641,1.59321,1.5007,1.54186
KDA,2022-09-16,1.54189,1.561,1.46356,1.55284
KDA,2022-09-17,1.55184,1.55184,1.47885,1.52715
KDA,2022-09-18,1.527,1.561,1.42786,1.434
KDA,2022-09-19,1.432,1.495,1.42586,1.47015
KDA,2022-09-20,1.46929,1.4863,1.43043,1.43714
KDA,2022-09-21,1.432,1.478,1.357,1.363
KDA,2022-09-22,1.364,1.44,1.35,1.405
KDA,2022-09-23,1.408,1.46,1.36286,1.415
KDA,2022-09-24,1.41789,1.47991,1.41392,1.43411
KDA,2022-09-25,1.433,1.469,1.39904,1.39999
KDA,2022-09-26,1.39801,1.44,1.384,1.409
KDA,2022-09-27,1.409,1.472,1.38686,1.391
KDA,2022-09-28,1.388,1.414,1.36086,1.402
KDA,2022-09-29,1.405,1.41014,1.375,1.394
KDA,2022-09-30,1.39714,1.437,1.37614,1.389
KDA,2022-10-01,1.388,1.405,1.38086,1.39
KDA,2022-10-02,1.392,1.4,1.369,1.373
KDA,2022-10-03,1.375,1.39514,1.342,1.38928
KDA,2022-10-04,1.39042,1.42443,1.38714,1.40242
KDA,2022-10-05,1.40142,1.49915,1.384,1.43929
KDA,2022-10-06,1.43829,1.48922,1.41417,1.42126
KDA,2022-10-07,1.42026,1.43526,1.39899,1.4182
KDA,2022-10-08,1.41817,1.41918,1.38907,1.39136
KDA,2022-10-09,1.39035,1.40614,1.386,1.39828
KDA,2022-10-10,1.39814,1.41414,1.364,1.37486
KDA,2022-10-11,1.372,1.374,1.32087,1.34188
KDA,2022-10-12,1.34187,1.35199,1.32883,1.33904
KDA,2022-10-13,1.34204,1.34599,1.2119,1.31512
KDA,2022-10-14,1.31612,1.33911,1.26601,1.27103
KDA,2022-10-15,1.27005,1.30208,1.25611,1.29108
KDA,2022-10-16,1.29006,1.39503,1.27209,1.33607
KDA,2022-10-17,1.34205,1.35804,1.29708,1.32303
KDA,2022-10-18,1.32504,1.36004,1.27903,1.29506
KDA,2022-10-19,1.29804,1.3021,1.25503,1.27001
KDA,2022-10-20,1.26899,1.30197,1.2469,1.26486
KDA,2022-10-21,1.26291,1.27001,1.21096,1.26309
KDA,2022-10-22,1.2631,1.28604,1.2521,1.2691
KDA,2022-10-23,1.26611,1.27997,1.24102,1.27418
KDA,2022-10-24,1.27615,1.2951,1.25009,1.25606
KDA,2022-10-25,1.25609,1.31034,1.24889,1.28042
KDA,2022-10-26,1.28344,1.31934,1.26829,1.28735
KDA,2022-10-27,1.28636,1.31826,1.265,1.26908
KDA,2022-10-28,1.26909,1.2913,1.24206,1.28428
KDA,2022-10-29,1.28523,1.33047,1.27423,1.3063
KDA,2022-10-30,1.30631,1.33633,1.2772,1.28626
KDA,2022-10-31,1.28624,1.41896,1.26328,1.38389
KDA,2022-11-01,1.37692,1.40893,1.31186,1.31587
KDA,2022-11-02,1.31587,1.35284,1.263,1.26792
KDA,2022-11-03,1.26794,1.32891,1.26794,1.30699
KDA,2022-11-04,1.30799,1.44612,1.301,1.41511
KDA,2022-11-05,1.4131,1.45107,1.38207,1.39707
KDA,2022-11-06,1.39504,1.39504,1.34116,1.34309
KDA,2022-11-07,1.34311,1.35803,1.2861,1.30017
KDA,2022-11-08,1.30339,1.32846,1.09708,1.17752
KDA,2022-11-09,1.17752,1.19411,0.93398,0.98884
KDA,2022-11-10,0.99035,1.1816,0.96928,1.07676
KDA,2022-11-11,1.07718,1.20821,0.96832,0.998
KDA,2022-11-12,0.997,1.02434,0.95428,0.96925
KDA,2022-11-13,0.96925,0.97225,0.87677,0.89792
KDA,2022-11-14,0.89692,0.93887,0.82177,0.89865
KDA,2022-11-15,0.89965,0.93016,0.88503,0.8951
KDA,2022-11-16,0.89491,0.914122,0.863093,0.875185
KDA,2022-11-17,0.876184,0.921438,0.863317,0.896291
KDA,2022-11-18,0.893303,0.909072,0.865977,0.886979
KDA,2022-11-19,0.88697,0.903977,0.884893,0.899064
KDA,2022-11-20,0.899064,0.904895,0.833074,0.842717
KDA,2022-11-21,0.843707,0.85469,0.796036,0.812024
KDA,2022-11-22,0.811026,0.835097,0.78906,0.82992
KDA,2022-11-23,0.829928,0.86305,0.823952,0.862059
KDA,2022-11-24,0.862059,0.927165,0.856057,0.88026
KDA,2022-11-25,0.879252,0.880471,0.840344,0.868505
KDA,2022-11-26,0.867392,0.892491,0.84949,0.856503
KDA,2022-11-27,0.857494,1.11433,0.854504,0.980392
KDA,2022-11-28,0.979608,0.981372,0.900577,0.913653
KDA,2022-11-29,0.913653,0.958511,0.907655,0.920641
KDA,2022-11-30,0.92165,0.964077,0.911945,0.954048
KDA,2022-12-01,0.953038,1.08308,0.934075,1.01806
KDA,2022-12-02,1.01506,1.05408,0.99709,1.02806
KDA,2022-12-03,1.02606,1.04212,1.0141,1.0221
KDA,2022-12-04,1.0222,1.13423,1.0201,1.09411
KDA,2022-12-05,1.09322,1.13134,1.044,1.05103
KDA,2022-12-06,1.05202,1.07609,1.04,1.04398
KDA,2022-12-07,1.042,1.067,0.976971,0.99101
KDA,2022-12-08,0.992,1.06718,0.974,1.03507
KDA,2022-12-09,1.03508,1.06701,1.012,1.01803
KDA,2022-12-10,1.01804,1.02204,0.996,1.00099
KDA,2022-12-11,1.00098,1.02903,0.99499,0.9981
KDA,2022-12-12,0.9932,1.0051,0.95938,0.99709
KDA,2022-12-13,0.99809,1.06727,0.99808,1.03274
KDA,2022-12-14,1.03267,1.046,1.01597,1.01607
KDA,2022-12-15,1.0171,1.03521,0.9701,0.97319
KDA,2022-12-16,0.97319,0.9971,0.90209,0.90309
KDA,2022-12-17,0.904181,0.941104,0.886097,0.919119
KDA,2022-12-18,0.919119,0.931112,0.897072,0.907118
KDA,2022-12-19,0.909118,0.928084,0.872983,0.883991
KDA,2022-12-20,0.887991,0.976078,0.882,0.921037
KDA,2022-12-21,0.923037,0.929037,0.895009,0.904036
KDA,2022-12-22,0.903036,0.927954,0.89192,0.920862
KDA,2022-12-23,0.922843,0.937887,0.903036,0.9129
KDA,2022-12-24,0.911918,0.918945,0.9079,0.908936
KDA,2022-12-25,0.910945,0.913982,0.888911,0.901865
KDA,2022-12-26,0.902901,0.905909,0.893884,0.90082
KDA,2022-12-27,0.900829,0.911836,0.889626,0.89466
KDA,2022-12-28,0.895651,0.90362,0.866506,0.87053
KDA,2022-12-29,0.871547,0.880656,0.858545,0.862612
KDA,2022-12-30,0.864611,0.887547,0.856563,0.875553
KDA,2022-12-31,0.875553,0.880586,0.864559,0.864559
KDA,2023-01-01,0.864568,0.872616,0.858485,0.866593
KDA,2023-01-02,0.866593,0.890688,0.846644,0.881718
KDA,2023-01-03,0.8807,0.8827,0.862638,0.868661
KDA,2023-01-04,0.868661,0.904747,0.867635,0.901702
KDA,2023-01-05,0.902702,0.908727,0.884637,0.893687
KDA,2023-01-06,0.893678,0.930749,0.875632,0.928712
KDA,2023-01-07,0.927712,0.971718,0.920761,0.922778
KDA,2023-01-08,0.922723,0.946858,0.918844,0.944849
KDA,2023-01-09,0.943887,1.005,0.941812,0.96101
KDA,2023-01-10,0.96099,0.97701,0.944792,0.959134
KDA,2023-01-11,0.959173,0.964981,0.921852,0.95
KDA,2023-01-12,0.949933,0.988138,0.932963,0.982098
KDA,2023-01-13,0.980088,1.06013,0.97101,1.05009
KDA,2023-01-14,1.0521,1.10515,1.01822,1.07404
KDA,2023-01-15,1.07405,1.1502,1.05207,1.09932
KDA,2023-01-16,1.09932,1.14844,1.07607,1.11702
KDA,2023-01-17,1.11601,1.15,1.08508,1.10912
KDA,2023-01-18,1.10911,1.13309,0.97491,1.00495
KDA,2023-01-19,1.00695,1.04,0.99091,1.02596
KDA,2023-01-20,1.02506,1.15122,1.00098,1.1492
KDA,2023-01-21,1.15021,1.22035,1.1282,1.1592
KDA,2023-01-22,1.15917,1.24825,1.1182,1.21424
KDA,2023-01-23,1.21224,1.32919,1.2083,1.28521
KDA,2023-01-24,1.28921,1.30622,1.17718,1.18305
KDA,2023-01-25,1.18404,1.29223,1.14317,1.23321
KDA,2023-01-26,1.23621,1.27523,1.20717,1.23312
KDA,2023-01-27,1.23511,1.2792,1.18814,1.24754
KDA,2023-01-28,1.25048,1.41037,1.24522,1.31526
KDA,2023-01-29,1.31326,1.38936,1.3013,1.34507
KDA,2023-01-30,1.34605,1.36307,1.17801,1.20308
KDA,2023-01-31,1.20207,1.23695,1.18808,1.21011
KDA,2023-02-01,1.20506,1.28315,1.14001,1.27508
KDA,2023-02-02,1.27606,1.32912,1.22207,1.24225
KDA,2023-02-03,1.24425,1.25521,1.208,1.2381
KDA,2023-02-04,1.2391,1.2791,1.22309,1.26913
KDA,2023-02-05,1.2721,1.27611,1.15533,1.1853
KDA,2023-02-06,1.18731,1.23032,1.15121,1.17805
KDA,2023-02-07,1.17605,1.24704,1.15708,1.24207
KDA,2023-02-08,1.24107,1.26709,1.18714,1.21609
KDA,2023-02-09,1.21509,1.22096,1.06227,1.0661
KDA,2023-02-10,1.06812,1.09333,1.04613,1.05915
KDA,2023-02-11,1.05616,1.11211,1.05512,1.10911
KDA,2023-02-12,1.1121,1.13701,1.05316,1.07306
KDA,2023-02-13,1.07111,1.08208,1.00695,1.04056
KDA,2023-02-14,1.04057,1.08151,1.02741,1.06038
KDA,2023-02-15,1.06244,1.1532,1.06244,1.15021
KDA,2023-02-16,1.15021,1.19037,1.09636,1.09737
KDA,2023-02-17,1.09515,1.17406,1.07313,1.1471
KDA,2023-02-18,1.14619,1.21626,1.14315,1.18819
KDA,2023-02-19,1.19019,1.4201,1.18218,1.26529
KDA,2023-02-20,1.26029,1.31915,1.21635,1.26308
KDA,2023-02-21,1.26205,1.29413,1.16718,1.18621
KDA,2023-02-22,1.1862,1.30714,1.15118,1.26009
KDA,2023-02-23,1.26508,1.28012,1.18724,1.21015
KDA,2023-02-24,1.20818,1.21715,1.11501,1.12298
KDA,2023-02-25,1.12199,1.14302,1.07111,1.10308
KDA,2023-02-26,1.10208,1.14508,1.10207,1.12609
KDA,2023-02-27,1.12706,1.14905,1.09809,1.11807
KDA,2023-02-28,1.11607,1.137,1.07723,1.08922
KDA,2023-03-01,1.08922,1.12907,1.07615,1.11014
KDA,2023-03-02,1.11117,1.12012,1.08096,1.1091
KDA,2023-03-03,1.10902,1.1161,1.01713,1.04206
KDA,2023-03-04,1.04309,1.0581,1.0061,1.02207
KDA,2023-03-05,1.02208,1.07005,1.02207,1.02512
KDA,2023-03-06,1.02612,1.05606,1.00517,1.04694
KDA,2023-03-07,1.04494,1.08687,1.01497,1.02205
KDA,2023-03-08,1.02197,1.036,0.95395,0.95696
KDA,2023-03-09,0.9559,0.9918,0.90782,0.92409
KDA,2023-03-10,0.92317,0.94601,0.87893,0.93435
KDA,2023-03-11,0.93434,0.97687,0.88587,0.91458
KDA,2023-03-12,0.91469,0.97668,0.900101,0.974196
KDA,2023-03-13,0.974196,1.05155,0.962528,1.0294
KDA,2023-03-14,1.03001,1.09527,0.988937,1.03779
KDA,2023-03-15,1.03928,1.06018,0.962102,0.982176
KDA,2023-03-16,0.981045,1.00859,0.965956,0.991482
KDA,2023-03-17,0.991423,1.05205,0.983384,1.04814
KDA,2023-03-18,1.04713,1.10319,1.02576,1.04412
KDA,2023-03-19,1.04312,1.09229,1.01891,1.06722
KDA,2023-03-20,1.06621,1.07427,1.01058,1.01871
KDA,2023-03-21,1.01972,1.05618,0.9957,1.04233
KDA,2023-03-22,1.04332,1.05328,0.970875,0.993686
KDA,2023-03-23,0.993814,1.02975,0.987935,1.01412
KDA,2023-03-24,1.0131,1.01818,0.96016,0.962972
KDA,2023-03-25,0.962086,0.978998,0.920048,0.934887
KDA,2023-03-26,0.934906,0.966869,0.928891,0.945067
KDA,2023-03-27,0.945038,0.95382,0.900603,0.918431
KDA,2023-03-28,0.913429,0.936197,0.892285,0.923351
KDA,2023-03-29,0.921359,1.01326,0.921359,0.99713
KDA,2023-03-30,0.995189,1.05732,0.963183,0.985276
KDA,2023-03-31,0.986266,1.0152,0.956277,1.0132
KDA,2023-04-01,1.01321,1.01539,0.972467,0.986355
KDA,2023-04-02,0.987365,1.0145,0.955649,0.959604
KDA,2023-04-03,0.959595,0.994398,0.937216,0.967377
KDA,2023-04-04,0.967387,1.02521,0.961327,0.987493
KDA,2023-04-05,0.990495,1.01333,0.971408,0.993357
KDA,2023-04-06,0.991357,0.99931,0.967358,0.982334
KDA,2023-04-07,0.981353,0.983472,0.951628,0.967725
KDA,2023-04-08,0.969727,0.989673,0.959479,0.971388
KDA,2023-04-09,0.970378,0.986592,0.952581,0.985591
KDA,2023-04-10,0.987691,0.994626,0.965405,0.990812
KDA,2023-04-11,0.991803,1.01382,0.989791,1.00098
KDA,2023-04-12,0.99999,1.00195,0.96596,0.97876
KDA,2023-04-13,0.97876,1.01221,0.97082,1.00296
KDA,2023-04-14,1.00496,1.03992,0.98786,1.00884
KDA,2023-04-15,1.00982,1.1369,1.00195,1.07697
KDA,2023-04-16,1.07796,1.09793,1.04488,1.05872
KDA,2023-04-17,1.05772,1.06284,1.0187,1.03061
KDA,2023-04-18,1.02961,1.09442,1.01344,1.06618
KDA,2023-04-19,1.06527,1.09343,0.97035,0.9825
KDA,2023-04-20,0.98153,1.01039,0.92811,0.94309
KDA,2023-04-21,0.94407,0.963,0.91082,0.9289
KDA,2023-04-22,0.92991,0.97101,0.9118,0.9511
KDA,2023-04-23,0.9521,0.95409,0.91021,0.92105
KDA,2023-04-24,0.92105,0.93902,0.90617,0.92503
KDA,2023-04-25,0.92402,0.94022,0.90205,0.94022
KDA,2023-04-26,0.93923,0.96319,0.89312,0.9233
KDA,2023-04-27,0.9223,0.94539,0.91422,0.94133
KDA,2023-04-28,0.94131,0.94736,0.90833,0.92072
KDA,2023-04-29,0.92071,0.92663,0.91065,0.92054
KDA,2023-04-30,0.91954,0.93339,0.90954,0.91752
KDA,2023-05-01,0.91751,0.91851,0.88646,0.90325
KDA,2023-05-02,0.90223,0.929158,0.89816,0.914558
KDA,2023-05-03,0.915558,0.918239,0.884062,0.918239
KDA,2023-05-04,0.918239,0.9363,0.897404,0.899333
KDA,2023-05-05,0.899324,0.910646,0.892375,0.898817
KDA,2023-05-06,0.896815,0.906888,0.848254,0.859493
KDA,2023-05-07,0.861496,0.884042,0.856488,0.875023
KDA,2023-05-08,0.87403,0.87403,0.803554,0.819631
KDA,2023-05-09,0.818613,0.831831,0.807888,0.821821
KDA,2023-05-10,0.821029,0.840714,0.807629,0.826063
KDA,2023-05-11,0.826343,0.83079,0.76116,0.791191
KDA,2023-05-12,0.791,0.809715,0.759037,0.808606
KDA,2023-05-13,0.809166,0.810426,0.790484,0.791315
KDA,2023-05-14,0.790385,0.807804,0.781919,0.792675
KDA,2023-05-15,0.792496,0.814941,0.778659,0.796637
KDA,2023-05-16,0.793161,0.804413,0.783823,0.796998
KDA,2023-05-17,0.795598,0.807023,0.777781,0.804252
KDA,2023-05-18,0.803462,0.803922,0.770231,0.779312
KDA,2023-05-19,0.776233,0.790198,0.771069,0.787236
KDA,2023-05-20,0.785392,0.792713,0.780312,0.784784
KDA,2023-05-21,0.784706,0.790632,0.770385,0.774464
KDA,2023-05-22,0.773464,0.786393,0.765459,0.785471
KDA,2023-05-23,0.784094,0.804048,0.778195,0.802048
KDA,2023-05-24,0.802056,0.807081,0.737015,0.750955
KDA,2023-05-25,0.750962,0.758917,0.739985,0.745022
KDA,2023-05-26,0.745015,0.756212,0.725065,0.743178
KDA,2023-05-27,0.745149,0.758205,0.74223,0.747291
KDA,2023-05-28,0.747224,0.771177,0.745298,0.766176
KDA,2023-05-29,0.767176,0.780164,0.750172,0.754226
KDA,2023-05-30,0.753218,0.785251,0.75015,0.781305
KDA,2023-05-31,0.781305,0.785196,0.727189,0.73914
KDA,2023-06-01,0.739118,0.747179,0.732124,0.734206
KDA,2023-06-02,0.733205,0.758174,0.722144,0.747187
KDA,2023-06-03,0.746194,0.749247,0.733257,0.735287
KDA,2023-06-04,0.73728,0.752218,0.73728,0.746246
KDA,2023-06-05,0.746239,0.75124,0.593291,0.643186
KDA,2023-06-06,0.642193,0.689138,0.640102,0.685192
KDA,2023-06-07,0.684192,0.686165,0.610018,0.613092
KDA,2023-06-08,0.612067,0.636083,0.601994,0.622118
KDA,2023-06-09,0.621112,0.629937,0.604048,0.607884
KDA,2023-06-10,0.607921,0.608939,0.52025,0.549318
KDA,2023-06-11,0.555322,0.57527,0.548274,0.564226
KDA,2023-06-12,0.564226,0.567289,0.540151,0.554022
KDA,2023-06-13,0.553017,0.573971,0.546,0.554928
KDA,2023-06-14,0.555939,0.557849,0.514887,0.522953
KDA,2023-06-15,0.524958,0.525584,0.502992,0.520568
KDA,2023-06-16,0.521562,0.534561,0.512395,0.532579
KDA,2023-06-17,0.531585,0.553546,0.524633,0.541778
KDA,2023-06-18,0.540773,0.547858,0.528878,0.528878
KDA,2023-06-19,0.529883,0.538811,0.518689,0.533834
KDA,2023-06-20,0.533829,0.563028,0.521791,0.554083
KDA,2023-06-21,0.554089,0.701824,0.553077,0.668033
KDA,2023-06-22,0.66804,0.680007,0.622118,0.624131
KDA,2023-06-23,0.624125,0.687206,0.616,0.65638
KDA,2023-06-24,0.655386,0.680286,0.637325,0.637401
KDA,2023-06-25,0.638389,0.66622,0.637357,0.651208
KDA,2023-06-26,0.650188,0.656236,0.624119,0.624131
KDA,2023-06-27,0.624137,0.644052,0.615117,0.62912
KDA,2023-06-28,0.631095,0.631095,0.570006,0.576977
KDA,2023-06-29,0.576948,0.596881,0.567915,0.569949
KDA,2023-06-30,0.570926,0.609866,0.555811,0.593798
KDA,2023-07-01,0.593762,0.633759,0.593756,0.603
KDA,2023-07-02,0.602994,0.610945,0.587012,0.59303
KDA,2023-07-03,0.594053,0.643974,0.594024,0.629019
KDA,2023-07-04,0.62905,0.642109,0.608103,0.615129
KDA,2023-07-05,0.617123,0.638057,0.589982,0.60109
KDA,2023-07-06,0.601096,0.622075,0.592024,0.613951
KDA,2023-07-07,0.612945,0.637032,0.595101,0.620062
KDA,2023-07-08,0.62005,0.637051,0.601036,0.607103
KDA,2023-07-09,0.608067,0.61408,0.599102,0.600108
KDA,2023-07-10,0.600102,0.605048,0.582035,0.593065
KDA,2023-07-11,0.595107,0.599048,0.585064,0.589082
KDA,2023-07-12,0.588024,0.599024,0.586953,0.590953
KDA,2023-07-13,0.590035,0.620415,0.582953,0.61624
KDA,2023-07-14,0.61524,0.652202,0.599246,0.610299
KDA,2023-07-15,0.610317,0.700259,0.607316,0.651189
KDA,2023-07-16,0.652189,0.67527,0.620279,0.625287
KDA,2023-07-17,0.626294,0.637223,0.605169,0.629107
KDA,2023-07-18,0.630107,0.630107,0.593012,0.600132
KDA,2023-07-19,0.601144,0.62912,0.596982,0.601994
KDA,2023-07-20,0.602994,0.632,0.594946,0.602994
KDA,2023-07-21,0.604952,0.60697,0.595964,0.605006
KDA,2023-07-22,0.604006,0.611098,0.590077,0.594059
KDA,2023-07-23,0.594059,0.600988,0.587047,0.593994
KDA,2023-07-24,0.593988,0.596958,0.559854,0.561938
KDA,2023-07-25,0.561938,0.581884,0.559922,0.56996
KDA,2023-07-26,0.569949,0.577977,0.556894,0.572989
KDA,2023-07-27,0.571017,0.576942,0.562871,0.572857
KDA,2023-07-28,0.568841,0.595797,0.560815,0.574983
KDA,2023-07-29,0.573983,0.583006,0.567955,0.575
KDA,2023-07-30,0.576,0.577,0.555006,0.561955
KDA,2023-07-31,0.56095,0.56596,0.549918,0.551912
KDA,2023-08-01,0.551912,0.556928,0.534866,0.544722
KDA,2023-08-02,0.546721,0.565774,0.513764,0.522697
KDA,2023-08-03,0.522702,0.537613,0.518445,0.520578
KDA,2023-08-04,0.521577,0.532494,0.509668,0.514665
KDA,2023-08-05,0.513666,0.52266,0.510668,0.519399
KDA,2023-08-06,0.517155,0.537247,0.515,0.525208
KDA,2023-08-07,0.526262,0.532254,0.511309,0.521389
KDA,2023-08-08,0.521379,0.532941,0.515298,0.526921
KDA,2023-08-09,0.526926,0.53973,0.520802,0.524543
KDA,2023-08-10,0.524549,0.53556,0.517456,0.524444
KDA,2023-08-11,0.525442,0.527461,0.521316,0.523424
KDA,2023-08-12,0.524423,0.53866,0.522461,0.532702
KDA,2023-08-13,0.536699,0.538633,0.528624,0.532584
KDA,2023-08-14,0.532579,0.534406,0.522425,0.525395
KDA,2023-08-15,0.526399,0.530225,0.491469,0.497442
KDA,2023-08-16,0.497452,0.500489,0.464512,0.465478
KDA,2023-08-17,0.465478,0.477403,0.416933,0.425757
KDA,2023-08-18,0.428781,0.445773,0.425085,0.44281
KDA,2023-08-19,0.442814,0.463944,0.44281,0.453882
KDA,2023-08-20,0.456867,0.465939,0.448969,0.452973
KDA,2023-08-21,0.452964,0.458936,0.434813,0.458936
KDA,2023-08-22,0.459926,0.461866,0.429875,0.431857
KDA,2023-08-23,0.432848,0.464949,0.432848,0.453914
KDA,2023-08-24,0.455918,0.45795,0.445759,0.448767
KDA,2023-08-25,0.448744,0.615575,0.439718,0.496727
KDA,2023-08-26,0.494723,0.535619,0.47472,0.512718
KDA,2023-08-27,0.512723,0.531713,0.494797,0.501764
KDA,2023-08-28,0.501764,0.512764,0.47975,0.47975
KDA,2023-08-29,0.476752,0.49595,0.460645,0.478086
KDA,2023-08-30,0.477086,0.50095,0.469915,0.49
KDA,2023-08-31,0.489,0.496,0.452923,0.456927
KDA,2023-09-01,0.455941,0.464856,0.444737,0.447767
KDA,2023-09-02,0.44679,0.4548,0.439943,0.445951
KDA,2023-09-03,0.445951,0.463944,0.444942,0.44592
KDA,2023-09-04,0.44592,0.479822,0.442827,0.465865
KDA,2023-09-05,0.46487,0.532611,0.46288,0.493763
KDA,2023-09-06,0.492758,0.496712,0.470812,0.477708
KDA,2023-09-07,0.476766,0.521729,0.47472,0.517736
KDA,2023-09-08,0.519756,0.544967,0.502749,0.539924
KDA,2023-09-09,0.537925,0.573793,0.524785,0.550829
KDA,2023-09-10,0.549824,0.550835,0.500905,0.524806
KDA,2023-09-11,0.5258,0.532797,0.489848,0.490843
KDA,2023-09-12,0.489843,0.522874,0.486825,0.518969
KDA,2023-09-13,0.519953,0.521922,0.504894,0.516103
KDA,2023-09-14,0.514087,0.527984,0.508132,0.508137
KDA,2023-09-15,0.508142,0.514985,0.501085,0.511995
KDA,2023-09-16,0.510985,0.520052,0.510031,0.515046
KDA,2023-09-17,0.515046,0.515051,0.496104,0.498125
KDA,2023-09-18,0.49912,0.505045,0.47701,0.490088
KDA,2023-09-19,0.490078,0.503116,0.489078,0.49907
KDA,2023-09-20,0.500065,0.505091,0.487995,0.49404
KDA,2023-09-21,0.49202,0.49805,0.474948,0.476981
KDA,2023-09-22,0.476962,0.482928,0.471991,0.476971
KDA,2023-09-23,0.477971,0.483,0.467005,0.472033
KDA,2023-09-24,0.472033,0.474024,0.464028,0.470019
KDA,2023-09-25,0.469023,0.485874,0.460041,0.477909
KDA,2023-09-26,0.477976,0.479894,0.464828,0.469756
KDA,2023-09-27,0.468798,0.480625,0.462681,0.468653
KDA,2023-09-28,0.467649,0.477756,0.46665,0.470991
KDA,2023-09-29,0.471958,0.474957,0.467916,0.469948
KDA,2023-09-30,0.470948,0.492015,0.468948,0.479096
KDA,2023-10-01,0.478096,0.494035,0.476043,0.486053
KDA,2023-10-02,0.487054,0.49801,0.47509,0.475138
KDA,2023-10-03,0.476143,0.484995,0.470986,0.472014
KDA,2023-10-04,0.473038,0.478014,0.454014,0.475005
KDA,2023-10-05,0.474,0.477,0.455077,0.462129
KDA,2023-10-06,0.461124,0.465191,0.457046,0.465191
KDA,2023-10-07,0.462189,0.466219,0.449224,0.453258
KDA,2023-10-08,0.453263,0.455296,0.444297,0.451253
KDA,2023-10-09,0.450252,0.451171,0.424085,0.428086
KDA,2023-10-10,0.42809,0.439066,0.427098,0.432048
KDA,2023-10-11,0.434048,0.438035,0.419945,0.426876
KDA,2023-10-12,0.42688,0.432892,0.417816,0.418845
KDA,2023-10-13,0.420869,0.434835,0.419798,0.428901
KDA,2023-10-14,0.42891,0.444973,0.422911,0.438974
KDA,2023-10-15,0.436974,0.443,0.427,0.431017
KDA,2023-10-16,0.431013,0.444098,0.428056,0.431177
KDA,2023-10-17,0.433178,0.43717,0.421269,0.423161
KDA,2023-10-18,0.424157,0.432168,0.42108,0.422084
KDA,2023-10-19,0.422093,0.425064,0.410094,0.415166
KDA,2023-10-20,0.414161,0.442172,0.414161,0.44018
KDA,2023-10-21,0.44018,0.448206,0.435178,0.447219
KDA,2023-10-22,0.446223,0.448224,0.434187,0.436144
KDA,2023-10-23,0.436148,0.464237,0.43513,0.46224
KDA,2023-10-24,0.460239,0.52791,0.460239,0.510939
KDA,2023-10-25,0.510939,0.542919,0.491039,0.498125
KDA,2023-10-26,0.498115,0.508107,0.478986,0.489005
KDA,2023-10-27,0.489005,0.49705,0.479053,0.492108
KDA,2023-10-28,0.492113,0.514041,0.491103,0.508086
KDA,2023-10-29,0.511087,0.520156,0.499095,0.520156
KDA,2023-10-30,0.519187,0.533101,0.506111,0.520172
KDA,2023-10-31,0.522177,0.530159,0.498154,0.505212
KDA,2023-11-01,0.504212,0.539275,0.492079,0.533171
KDA,2023-11-02,0.533171,0.589112,0.514098,0.557072
KDA,2023-11-03,0.556067,0.559056,0.517047,0.531207
KDA,2023-11-04,0.532192,0.548225,0.527206,0.541319
KDA,2023-11-05,0.542309,0.587429,0.542309,0.571468
KDA,2023-11-06,0.570445,0.59152,0.565452,0.581157
KDA,2023-11-07,0.581163,0.601174,0.550104,0.570256
KDA,2023-11-08,0.572257,0.60206,0.571171,0.593136
KDA,2023-11-09,0.594178,0.610226,0.556028,0.579087
KDA,2023-11-10,0.58111,0.614307,0.576104,0.611318
KDA,2023-11-11,0.612312,0.639262,0.601349,0.615154
KDA,2023-11-12,0.615154,0.6882,0.595238,0.673269
KDA,2023-11-13,0.673276,0.690497,0.600132,0.605163
KDA,2023-11-14,0.60617,0.610079,0.566062,0.591077
KDA,2023-11-15,0.591083,0.649143,0.590077,0.637319
KDA,2023-11-16,0.639281,0.647162,0.598054,0.612043
KDA,2023-11-17,0.614068,0.626981,0.56704,0.594196
KDA,2023-11-18,0.596203,0.598197,0.559246,0.577283
KDA,2023-11-19,0.575287,0.623305,0.56431,0.609268
KDA,2023-11-20,0.610275,0.630353,0.600528,0.603422
KDA,2023-11-21,0.605417,0.623231,0.559212,0.560218
KDA,2023-11-22,0.560213,0.612043,0.551182,0.596191
KDA,2023-11-23,0.595184,0.613135,0.587123,0.591083
KDA,2023-11-24,0.592083,0.614178,0.587059,0.60253
KDA,2023-11-25,0.602494,0.643373,0.600468,0.638376
KDA,2023-11-26,0.639371,0.648369,0.606261,0.611232
KDA,2023-11-27,0.611226,0.617247,0.588035,0.606012
KDA,2023-11-28,0.605006,0.62338,0.599054,0.61036
KDA,2023-11-29,0.612355,0.619353,0.595167,0.600078
KDA,2023-11-30,0.600078,0.604085,0.593089,0.599096
KDA,2023-12-01,0.599084,0.61524,0.598108,0.60124
KDA,2023-12-02,0.601234,0.622243,0.60024,0.612282
KDA,2023-12-03,0.610281,0.615295,0.596215,0.606212
KDA,2023-12-04,0.606218,0.68302,0.602235,0.647032
KDA,2023-12-05,0.648032,0.783149,0.637038,0.758091
KDA,2023-12-06,0.758091,0.759091,0.696077,0.708078
KDA,2023-12-07,0.708078,0.738,0.685041,0.696244
KDA,2023-12-08,0.69425,0.728131,0.692062,0.721238
KDA,2023-12-09,0.72023,0.741245,0.708191,0.726189
KDA,2023-12-10,0.725188,0.761107,0.714,0.729007
KDA,2023-12-11,0.730044,0.732051,0.637521,0.67163
KDA,2023-12-12,0.669685,0.725485,0.66566,0.709681
KDA,2023-12-13,0.710687,0.739059,0.674629,0.72516
KDA,2023-12-14,0.725138,0.740148,0.698028,0.714121
KDA,2023-12-15,0.714114,0.714114,0.673838,0.677061
KDA,2023-12-16,0.676068,0.873423,0.659954,0.803357
KDA,2023-12-17,0.804348,0.805355,0.723399,0.734243
KDA,2023-12-18,0.733207,0.733215,0.671388,0.718791
KDA,2023-12-19,0.719791,0.743769,0.692619,0.704633
KDA,2023-12-20,0.703648,0.740155,0.701677,0.729022
KDA,2023-12-21,0.728029,0.798152,0.722065,0.797151
KDA,2023-12-22,0.796151,0.835259,0.786149,0.809647
KDA,2023-12-23,0.808646,0.85742,0.781406,0.845414
KDA,2023-12-24,0.843413,1.39789,0.828282,1.17477
KDA,2023-12-25,1.17678,1.69125,1.15575,1.43832
KDA,2023-12-26,1.4353,1.52427,1.16067,1.28386
KDA,2023-12-27,1.28687,1.49476,1.16696,1.39687
KDA,2023-12-28,1.39873,1.45007,1.18438,1.19659
KDA,2023-12-29,1.19651,1.31554,1.12149,1.26125
KDA,2023-12-30,1.26627,1.27509,1.135,1.20898
KDA,2023-12-31,1.20796,1.48444,1.20796,1.32275
KDA,2024-01-01,1.32366,1.45784,1.29188,1.39128
KDA,2024-01-02,1.38726,1.59235,1.32829,1.38751
KDA,2024-01-03,1.39352,1.46448,1.07936,1.26847
KDA,2024-01-04,1.26349,1.29589,1.20323,1.23747
KDA,2024-01-05,1.23644,1.25225,1.07561,1.13789
KDA,2024-01-06,1.1389,1.16092,1.01193,1.07464
KDA,2024-01-07,1.07464,1.13659,1.00069,1.02365
KDA,2024-01-08,1.02465,1.21607,0.90849,1.18005
KDA,2024-01-09,1.18505,1.18704,1.03825,1.08134
KDA,2024-01-10,1.08041,1.26543,1.03628,1.2533
KDA,2024-01-11,1.25636,1.36646,1.19844,1.24606
KDA,2024-01-12,1.24311,1.25308,1.10962,1.15922
KDA,2024-01-13,1.15328,1.29587,1.10275,1.25374
KDA,2024-01-14,1.2547,1.37766,1.2358,1.29238
KDA,2024-01-15,1.29138,1.34908,1.24721,1.28482
KDA,2024-01-16,1.28582,1.30488,1.19431,1.24186
KDA,2024-01-17,1.24181,1.2478,1.14316,1.16993
KDA,2024-01-18,1.17882,1.17987,1.03878,1.0909
KDA,2024-01-19,1.09091,1.14986,1.02598,1.12189
KDA,2024-01-20,1.12189,1.16724,1.06925,1.11808
KDA,2024-01-21,1.12108,1.16328,1.10233,1.1033
KDA,2024-01-22,1.1043,1.11315,1.00583,1.0169
KDA,2024-01-23,1.01591,1.05095,0.93188,0.984133
KDA,2024-01-24,0.986122,1.07424,0.97131,1.00748
KDA,2024-01-25,1.0105,1.02558,0.94332,0.977491
KDA,2024-01-26,0.979471,1.04663,0.930516,1.02578
KDA,2024-01-27,1.0288,1.05397,1.00082,1.05199
KDA,2024-01-28,1.051,1.05876,0.982931,0.987872
KDA,2024-01-29,0.987842,1.0458,0.968709,1.03101
KDA,2024-01-30,1.031,1.04398,1.0059,1.01098
KDA,2024-01-31,1.01198,1.012,0.956502,0.965459
KDA,2024-02-01,0.965459,0.988763,0.949116,0.985714
KDA,2024-02-02,0.984724,1.02535,0.97044,1.0005
KDA,2024-02-03,0.99944,1.01354,0.984655,0.984665
KDA,2024-02-04,0.984655,0.985665,0.952638,0.954599
KDA,2024-02-05,0.955598,0.997082,0.940888,0.944761
KDA,2024-02-06,0.945778,0.99969,0.94379,0.99969
KDA,2024-02-07,0.99969,1.03279,0.977227,1.03179
KDA,2024-02-08,1.03175,1.04114,0.99575,1.0092
KDA,2024-02-09,1.0102,1.16704,1.00819,1.12867
KDA,2024-02-10,1.12668,1.12752,1.04776,1.09132
KDA,2024-02-11,1.09531,1.1276,1.05332,1.07031
KDA,2024-02-12,1.07131,1.15649,1.03601,1.15051
KDA,2024-02-13,1.15049,1.15245,1.05908,1.08442
KDA,2024-02-14,1.08543,1.13018,1.06654,1.12304
KDA,2024-02-15,1.12305,1.19866,1.10808,1.14498
KDA,2024-02-16,1.146,1.19454,1.13234,1.15288
KDA,2024-02-17,1.15389,1.16046,1.08552,1.11425
KDA,2024-02-18,1.11526,1.17133,1.08642,1.15513
KDA,2024-02-19,1.15414,1.19421,1.14416,1.16327
KDA,2024-02-20,1.16228,1.16228,1.06327,1.11621
KDA,2024-02-21,1.12024,1.12224,1.0289,1.067
KDA,2024-02-22,1.069,1.1288,1.04996,1.12163
KDA,2024-02-23,1.11863,1.11863,1.043,1.04585
KDA,2024-02-24,1.04684,1.12791,1.03592,1.107
KDA,2024-02-25,1.10699,1.28995,1.09,1.28695
KDA,2024-02-26,1.28294,1.31765,1.17107,1.29184
KDA,2024-02-27,1.29384,1.34179,1.25114,1.2625
KDA,2024-02-28,1.2605,1.38065,1.21169,1.29189
KDA,2024-02-29,1.29491,1.35122,1.27118,1.28576
KDA,2024-03-01,1.28575,1.35332,1.27741,1.33903
KDA,2024-03-02,1.33903,1.49702,1.31492,1.46036
KDA,2024-03-03,1.46043,1.57771,1.33132,1.54469
KDA,2024-03-04,1.54169,1.97507,1.50566,1.65682
KDA,2024-03-05,1.65682,1.92094,1.43677,1.58409
KDA,2024-03-06,1.58309,1.84046,1.57909,1.72386
KDA,2024-03-07,1.72186,1.81522,1.66085,1.71547
KDA,2024-03-08,1.71345,1.73632,1.60713,1.65358
KDA,2024-03-09,1.65358,1.81444,1.63988,1.80752
KDA,2024-03-10,1.8095,1.82291,1.62859,1.63839
KDA,2024-03-11,1.63939,1.73493,1.61699,1.69034
KDA,2024-03-12,1.69432,1.71729,1.53525,1.66012
KDA,2024-03-13,1.65912,1.93433,1.65513,1.87294
KDA,2024-03-14,1.87594,1.94696,1.72517,1.82134
KDA,2024-03-15,1.82034,1.88063,1.56639,1.67515
KDA,2024-03-16,1.67015,1.82471,1.56303,1.56603
KDA,2024-03-17,1.56611,1.75048,1.54048,1.71509
KDA,2024-03-18,1.72014,1.79305,1.55477,1.59189
KDA,2024-03-19,1.5919,1.60487,1.40192,1.40392
KDA,2024-03-20,1.40576,1.55137,1.33977,1.527
KDA,2024-03-21,1.53135,1.53135,1.44941,1.47266
KDA,2024-03-22,1.47266,1.49992,1.35324,1.37729
KDA,2024-03-23,1.3773,1.44207,1.3743,1.41499
KDA,2024-03-24,1.41599,1.49775,1.37818,1.4899
KDA,2024-03-25,1.48791,1.58633,1.44403,1.55825
KDA,2024-03-26,1.55723,1.63444,1.48597,1.51802
KDA,2024-03-27,1.51703,1.55588,1.43023,1.46949
KDA,2024-03-28,1.46744,1.54819,1.43614,1.47129
KDA,2024-03-29,1.47131,1.47516,1.40057,1.42168
KDA,2024-03-30,1.42167,1.45699,1.40055,1.40355
KDA,2024-03-31,1.40255,1.54115,1.39154,1.45017
KDA,2024-04-01,1.44917,1.50969,1.35193,1.40854
KDA,2024-04-02,1.40852,1.41255,1.23672,1.29952
KDA,2024-04-03,1.29652,1.35839,1.24251,1.26637
KDA,2024-04-04,1.26737,1.31977,1.22521,1.27231
KDA,2024-04-05,1.27231,1.28539,1.15129,1.20147
KDA,2024-04-06,1.20034,1.26629,1.18536,1.2323
KDA,2024-04-07,1.23231,1.35652,1.22828,1.29412
KDA,2024-04-08,1.29212,1.37415,1.26696,1.35692
KDA,2024-04-09,1.35593,1.38599,1.2445,1.25743
KDA,2024-04-10,1.25943,1.26143,1.18562,1.22596
KDA,2024-04-11,1.22598,1.26291,1.19875,1.21709
KDA,2024-04-12,1.2161,1.24216,0.89964,0.984335
KDA,2024-04-13,0.988296,1.07311,0.761832,0.819663
KDA,2024-04-14,0.820664,0.988494,0.799647,0.895269
KDA,2024-04-15,0.90027,1.02801,0.86143,0.890151
KDA,2024-04-16,0.890151,0.957387,0.857086,0.919884
KDA,2024-04-17,0.918784,0.919484,0.828415,0.871504
KDA,2024-04-18,0.872304,0.895737,0.837768,0.888667
KDA,2024-04-19,0.887866,0.907545,0.824191,0.882682
KDA,2024-04-20,0.882191,0.970833,0.856042,0.962489
KDA,2024-04-21,0.964289,0.974909,0.90419,0.929149
KDA,2024-04-22,0.928158,0.981471,0.91611,0.969281
KDA,2024-04-23,0.969281,0.990188,0.944425,0.966971
KDA,2024-04-24,0.967981,0.99098,0.902458,0.924149
KDA,2024-04-25,0.922151,0.943452,0.885805,0.934458
KDA,2024-04-26,0.932459,0.932459,0.888733,0.903277
KDA,2024-04-27,0.901639,0.927978,0.869765,0.90998
KDA,2024-04-28,0.921431,0.928114,0.896003,0.903938
KDA,2024-04-29,0.904666,0.917357,0.869248,0.884735
KDA,2024-04-30,0.885237,0.916062,0.790109,0.814232
KDA,2024-05-01,0.821789,0.862685,0.782384,0.840537
KDA,2024-05-02,0.841136,0.886463,0.82316,0.876844
KDA,2024-05-03,0.882409,0.929565,0.852685,0.925498
KDA,2024-05-04,0.925398,0.928199,0.89617,0.909382
KDA,2024-05-05,0.911091,0.939,0.887106,0.915101
KDA,2024-05-06,0.91411,0.937,0.860983,0.872017
KDA,2024-05-07,0.872017,0.883009,0.843983,0.846975
KDA,2024-05-08,0.845932,0.845983,0.805674,0.809149
KDA,2024-05-09,0.81204,0.832767,0.800572,0.827776
KDA,2024-05-10,0.826676,0.839924,0.776751,0.790955
KDA,2024-05-11,0.797253,0.828602,0.797053,0.800824
KDA,2024-05-12,0.799824,0.813674,0.78075,0.784662
KDA,2024-05-13,0.781664,0.82467,0.764786,0.789913
KDA,2024-05-14,0.788213,0.812245,0.76544,0.778712
KDA,2024-05-15,0.777712,0.844506,0.7699,0.838294
KDA,2024-05-16,0.836493,0.839428,0.784937,0.798064
KDA,2024-05-17,0.796064,0.836351,0.796064,0.818286
KDA,2024-05-18,0.818278,0.834158,0.807299,0.82314
KDA,2024-05-19,0.82414,0.825149,0.780992,0.784945
KDA,2024-05-20,0.786953,0.852349,0.780938,0.844338
KDA,2024-05-21,0.84633,0.878851,0.826099,0.85277
KDA,2024-05-22,0.85576,0.928833,0.853855,0.873624
KDA,2024-05-23,0.872225,0.898524,0.810905,0.861023
KDA,2024-05-24,0.862248,0.863855,0.800652,0.8293
KDA,2024-05-25,0.829676,0.850531,0.823927,0.840032
KDA,2024-05-26,0.837424,0.841816,0.815035,0.818454
KDA,2024-05-27,0.817981,0.867193,0.817981,0.855635
KDA,2024-05-28,0.852729,0.855726,0.814529,0.827614
KDA,2024-05-29,0.826308,0.86338,0.820434,0.829686
KDA,2024-05-30,0.828479,0.852438,0.808523,0.840597
KDA,2024-05-31,0.840606,0.840606,0.812613,0.818325
KDA,2024-06-01,0.818433,0.823141,0.810686,0.816772
KDA,2024-06-02,0.818371,0.826105,0.796006,0.81027
KDA,2024-06-03,0.809371,0.83799,0.807356,0.820677
KDA,2024-06-04,0.82126,0.856331,0.809457,0.830792
KDA,2024-06-05,0.8334,0.876477,0.8315,0.868687
KDA,2024-06-06,0.868478,0.869178,0.825319,0.830334
KDA,2024-06-07,0.830226,0.863556,0.769376,0.785985
KDA,2024-06-08,0.784202,0.792627,0.741718,0.749518
KDA,2024-06-09,0.74961,0.7671,0.741718,0.757979
KDA,2024-06-10,0.757786,0.778474,0.731154,0.733395
KDA,2024-06-11,0.733395,0.736324,0.657784,0.68147
KDA,2024-06-12,0.681757,0.746675,0.663834,0.707067
KDA,2024-06-13,0.707259,0.707259,0.653658,0.668433
KDA,2024-06-14,0.669732,0.710638,0.624125,0.653342
KDA,2024-06-15,0.653542,0.664781,0.636937,0.644432
KDA,2024-06-16,0.643533,0.662249,0.635106,0.639688
KDA,2024-06-17,0.639988,0.650798,0.593137,0.612812
KDA,2024-06-18,0.611812,0.613618,0.523706,0.584473
KDA,2024-06-19,0.585378,0.60789,0.570357,0.591863
KDA,2024-06-20,0.591463,0.640199,0.58827,0.603571
KDA,2024-06-21,0.603771,0.603865,0.571523,0.58673
KDA,2024-06-22,0.587735,0.588747,0.556871,0.580568
KDA,2024-06-23,0.58011,0.607817,0.556638,0.5707
KDA,2024-06-24,0.570306,0.576233,0.540459,0.571876
KDA,2024-06-25,0.571876,0.596415,0.570877,0.588488
KDA,2024-06-26,0.587771,0.595429,0.556833,0.565215
KDA,2024-06-27,0.56527,0.584815,0.550998,0.570768
KDA,2024-06-28,0.571045,0.585309,0.563357,0.56667
KDA,2024-06-29,0.56657,0.593836,0.559912,0.566829
KDA,2024-06-30,0.566935,0.578995,0.549808,0.575441
KDA,2024-07-01,0.576904,0.621316,0.575906,0.604528
KDA,2024-07-02,0.603953,0.604646,0.57302,0.588657
KDA,2024-07-03,0.588657,0.589356,0.536598,0.543896
KDA,2024-07-04,0.54379,0.546992,0.484665,0.495717
KDA,2024-07-05,0.495722,0.50297,0.411889,0.475024
KDA,2024-07-06,0.475038,0.512974,0.469005,0.507015
KDA,2024-07-07,0.50801,0.526347,0.484956,0.489822
KDA,2024-07-08,0.489251,0.513608,0.463363,0.50098
KDA,2024-07-09,0.50195,0.516036,0.490912,0.504995
KDA,2024-07-10,0.50429,0.5271,0.50101,0.507964
KDA,2024-07-11,0.509959,0.532,0.502985,0.51599
KDA,2024-07-12,0.516005,0.524473,0.49971,0.523705
KDA,2024-07-13,0.5238,0.535102,0.515077,0.519093
KDA,2024-07-14,0.518155,0.632177,0.515093,0.587217
KDA,2024-07-15,0.587211,0.624312,0.581168,0.617308
KDA,2024-07-16,0.617409,0.625763,0.578868,0.611853
KDA,2024-07-17,0.611153,0.625144,0.586117,0.613049
KDA,2024-07-18,0.611049,0.626106,0.591947,0.602879
KDA,2024-07-19,0.603879,0.641013,0.589076,0.61926
KDA,2024-07-20,0.622261,0.731365,0.609231,0.658276
KDA,2024-07-21,0.658283,0.706212,0.634178,0.674135
KDA,2024-07-22,0.673135,0.676135,0.625088,0.631189
KDA,2024-07-23,0.626182,0.634063,0.579052,0.595071
KDA,2024-07-24,0.595071,0.615994,0.574931,0.583895
KDA,2024-07-25,0.583895,0.585883,0.550824,0.577832
KDA,2024-07-26,0.577844,0.609,0.574873,0.609
KDA,2024-07-27,0.608,0.613025,0.584064,0.600994
KDA,2024-07-28,0.600946,0.605952,0.573954,0.576942
KDA,2024-07-29,0.575942,0.617846,0.570949,0.586935
KDA,2024-07-30,0.587935,0.592929,0.550835,0.557827
KDA,2024-07-31,0.556827,0.567903,0.518813,0.524795
KDA,2024-08-01,0.525811,0.526837,0.469572,0.505585
KDA,2024-08-02,0.504596,0.519506,0.463564,0.471457
KDA,2024-08-03,0.469459,0.487673,0.442703,0.451715
KDA,2024-08-04,0.451715,0.460756,0.419639,0.439872
KDA,2024-08-05,0.438868,0.447807,0.363993,0.41908
KDA,2024-08-06,0.42008,0.450095,0.416116,0.438166
KDA,2024-08-07,0.439167,0.460221,0.418075,0.429039
KDA,2024-08-08,0.429043,0.462134,0.412049,0.461134
KDA,2024-08-09,0.462139,0.483092,0.456087,0.459142
KDA,2024-08-10,0.464144,0.486092,0.455132,0.483092
KDA,2024-08-11,0.483092,0.489064,0.445116,0.458046
KDA,2024-08-12,0.458046,0.492098,0.445013,0.465051
KDA,2024-08-13,0.465051,0.48414,0.457087,0.475057
KDA,2024-08-14,0.476052,0.486194,0.462134,0.476038
KDA,2024-08-15,0.474038,0.483043,0.439083,0.44208
KDA,2024-08-16,0.444089,0.457041,0.433078,0.446129
KDA,2024-08-17,0.446116,0.44904,0.438074,0.44604
KDA,2024-08-18,0.447036,0.481091,0.442031,0.470094
KDA,2024-08-19,0.470188,0.504131,0.457032,0.482106
KDA,2024-08-20,0.482106,0.536241,0.481106,0.496005
KDA,2024-08-21,0.496005,0.528079,0.49501,0.516046
KDA,2024-08-22,0.516046,0.531058,0.510071,0.518026
KDA,2024-08-23,0.518041,0.557217,0.516036,0.554438
KDA,2024-08-24,0.553437,0.564367,0.534182,0.534187
KDA,2024-08-25,0.536322,0.591201,0.511179,0.579203
KDA,2024-08-26,0.580203,0.627119,0.546137,0.5531
KDA,2024-08-27,0.5551,0.604909,0.526,0.536005
KDA,2024-08-28,0.535,0.543005,0.50404,0.523047
KDA,2024-08-29,0.524047,0.555089,0.509051,0.528989
KDA,2024-08-30,0.527989,0.551939,0.50089,0.533925
KDA,2024-08-31,0.534925,0.544891,0.509974,0.5269
KDA,2024-09-01,0.525053,0.526053,0.4999,0.521911
KDA,2024-09-02,0.520911,0.545918,0.50096,0.539914
KDA,2024-09-03,0.538914,0.585941,0.516783,0.521849
KDA,2024-09-04,0.521854,0.537011,0.488868,0.521932
KDA,2024-09-05,0.523942,0.524948,0.487868,0.501819
KDA,2024-09-06,0.502814,0.518891,0.465753,0.481749
KDA,2024-09-07,0.482754,0.501945,0.478794,0.482952
KDA,2024-09-08,0.482952,0.502955,0.478943,0.49995
KDA,2024-09-09,0.5001,0.537,0.4988,0.534091
KDA,2024-09-10,0.533266,0.54694,0.517979,0.535962
KDA,2024-09-11,0.535962,0.539973,0.510918,0.529048
KDA,2024-09-12,0.528048,0.537054,0.519891,0.526958
KDA,2024-09-13,0.527211,0.540232,0.519943,0.538215
KDA,2024-09-14,0.539216,0.540324,0.524162,0.538102
KDA,2024-09-15,0.536102,0.545054,0.513067,0.518005
KDA,2024-09-16,0.518207,0.520948,0.495752,0.5019
KDA,2024-09-17,0.500905,0.529063,0.497965,0.521047
KDA,2024-09-18,0.522047,0.702993,0.50802,0.67802
KDA,2024-09-19,0.67702,0.727131,0.620149,0.63707
KDA,2024-09-20,0.63607,0.663013,0.603952,0.617043
KDA,2024-09-21,0.618056,0.644058,0.597,0.641064
KDA,2024-09-22,0.641064,0.66406,0.618043,0.623
KDA,2024-09-23,0.623938,0.651974,0.608049,0.636975
KDA,2024-09-24,0.636968,0.661907,0.623938,0.645955
KDA,2024-09-25,0.647961,0.66096,0.632962,0.645897
KDA,2024-09-26,0.644897,0.649026,0.618839,0.637057
KDA,2024-09-27,0.637064,0.656118,0.632038,0.641115
KDA,2024-09-28,0.639115,0.651078,0.612061,0.617068
KDA,2024-09-29,0.618068,0.63338,0.610305,0.632569
KDA,2024-09-30,0.631874,0.63419,0.601886,0.609811
KDA,2024-10-01,0.609817,0.624906,0.539849,0.573856
KDA,2024-10-02,0.572857,0.578983,0.541865,0.547858
KDA,2024-10-03,0.545858,0.556905,0.508919,0.522937
KDA,2024-10-04,0.523937,0.543956,0.521854,0.536995
KDA,2024-10-05,0.537984,0.546978,0.513918,0.520917
KDA,2024-10-06,0.520917,0.544896,0.518933,0.53191
KDA,2024-10-07,0.53191,0.560899,0.53191,0.542837
KDA,2024-10-08,0.540838,0.542837,0.513707,0.528619
KDA,2024-10-09,0.52762,0.533664,0.496548,0.502547
KDA,2024-10-10,0.501583,0.514418,0.486343,0.500459
KDA,2024-10-11,0.501458,0.53693,0.498461,0.53493
KDA,2024-10-12,0.534925,0.573719,0.52378,0.554834
KDA,2024-10-13,0.553834,0.563825,0.536839,0.555772
KDA,2024-10-14,0.557665,0.624437,0.551768,0.592911
KDA,2024-10-15,0.593911,0.608823,0.573851,0.592846
KDA,2024-10-16,0.593851,0.600874,0.576925,0.584865
KDA,2024-10-17,0.585883,0.588882,0.555739,0.565802
KDA,2024-10-18,0.565802,0.609744,0.565802,0.592923
KDA,2024-10-19,0.592929,0.603867,0.576948,0.585859
KDA,2024-10-20,0.585707,0.614742,0.572114,0.6048
KDA,2024-10-21,0.605181,0.62475,0.578716,0.597755
KDA,2024-10-22,0.597749,0.610658,0.553601,0.573592
KDA,2024-10-23,0.574586,0.580582,0.541312,0.557403
KDA,2024-10-24,0.557409,0.580587,0.55243,0.574649
KDA,2024-10-25,0.575649,0.575649,0.541474,0.554001
KDA,2024-10-26,0.553019,0.557994,0.517327,0.534299
KDA,2024-10-27,0.5333,0.559238,0.527282,0.547244
KDA,2024-10-28,0.547244,0.550449,0.519168,0.542642
KDA,2024-10-29,0.544619,0.569869,0.540638,0.563814
KDA,2024-10-30,0.56382,0.573828,0.552757,0.56182
KDA,2024-10-31,0.56082,0.564825,0.522503,0.530304
KDA,2024-11-01,0.532296,0.539622,0.503693,0.512646
KDA,2024-11-02,0.511647,0.519766,0.501804,0.505853
KDA,2024-11-03,0.506858,0.507843,0.468845,0.494802
KDA,2024-11-04,0.492808,0.495692,0.455172,0.470832
KDA,2024-11-05,0.470133,0.501794,0.466106,0.495141
KDA,2024-11-06,0.493941,0.553332,0.493341,0.552932
KDA,2024-11-07,0.553432,0.563959,0.532861,0.543566
KDA,2024-11-08,0.543672,0.557607,0.524646,0.546455
KDA,2024-11-09,0.547055,0.581274,0.539034,0.577873
KDA,2024-11-10,0.577573,0.640262,0.572412,0.602037
KDA,2024-11-11,0.603338,0.636939,0.592162,0.629317
KDA,2024-11-12,0.629617,0.664944,0.590719,0.636714
KDA,2024-11-13,0.635913,0.654803,0.573453,0.612773
KDA,2024-11-14,0.613074,0.649118,0.579816,0.597772
KDA,2024-11-15,0.596372,0.695709,0.573315,0.651595
KDA,2024-11-16,0.651789,0.684305,0.636254,0.667127
KDA,2024-11-17,0.666933,0.7376,0.628625,0.631019
KDA,2024-11-18,0.629419,0.740377,0.626619,0.723451
KDA,2024-11-19,0.724351,0.729245,0.675351,0.68326
KDA,2024-11-20,0.681958,0.718202,0.652807,0.663257
KDA,2024-11-21,0.664558,0.716551,0.632644,0.689548
KDA,2024-11-22,0.692343,0.729158,0.676062,0.723945
KDA,2024-11-23,0.724052,0.842909,0.72384,0.831297
KDA,2024-11-24,0.832298,0.868437,0.765233,0.856956
KDA,2024-11-25,0.857857,1.08854,0.824806,0.942164
KDA,2024-11-26,0.939865,1.07992,0.918579,0.942851
KDA,2024-11-27,0.943751,1.25075,0.921522,1.24074
KDA,2024-11-28,1.24094,1.26364,1.11281,1.14776
KDA,2024-11-29,1.14575,1.29682,1.14326,1.23789
KDA,2024-11-30,1.2379,1.26709,1.17096,1.17597
KDA,2024-12-01,1.17567,1.23671,1.13828,1.1788
KDA,2024-12-02,1.17751,1.1971,1.0768,1.1474
KDA,2024-12-03,1.14431,1.78126,1.14431,1.71003
KDA,2024-12-04,1.71231,1.83909,1.58908,1.64602
KDA,2024-12-05,1.64612,1.78701,1.59888,1.75865
KDA,2024-12-06,1.7543,1.88623,1.68404,1.73826
KDA,2024-12-07,1.73937,1.98559,1.71875,1.8572
KDA,2024-12-08,1.8564,1.86569,1.72196,1.76129
KDA,2024-12-09,1.76099,1.76847,1.17438,1.41172
